10a
C	0.597186	-2.172289	3.690354
C	0.426311	-0.793475	3.594223
C	0.072993	-0.204354	2.381003
C	-0.144744	-0.987635	1.23781
C	-0.006454	-2.383449	1.353207
C	0.388042	-2.961221	2.559826
S	-0.464762	-3.441952	-0.0
C	-0.006454	-2.383449	-1.353207
C	0.388042	-2.961221	-2.559826
C	0.597186	-2.172289	-3.690354
C	0.426311	-0.793475	-3.594223
C	0.072993	-0.204354	-2.381003
C	-0.144744	-0.987635	-1.23781
N	-0.506111	-0.399326	-0.0
C	-0.896511	0.982613	0.0
C	-2.238527	1.286851	0.0
C	-2.671644	2.633013	0.0
C	-1.751312	3.654957	0.0
C	-0.358408	3.379674	0.0
C	0.611554	4.416976	0.0
C	1.95583		4.125632	0.0
C	2.392191	2.778765	0.0
C	1.480497	1.748221	0.0
C	0.086745	2.018262	0.0
H	0.885011	-2.632733	4.630307
H	0.578341	-0.159617	4.462915
H	-0.041052	0.870138	2.324054
H	0.506697	-4.039669	2.609863
H	0.506697	-4.039669	-2.609863
H	0.885011	-2.632733	-4.630307
H	0.578341	-0.159617	-4.462915
H	-0.041052	0.870138	-2.324054
H	-2.95665	0.473374	0.0
H	-3.735096	2.851907	0.0
H	-2.077648	4.691688	0.0
H	0.269565	5.448744	0.0
H	2.6878		4.928039	0.0
H	3.45574		2.558861	0.0
H	1.814777	0.716951	0.0

