10c
F	9.216027	-2.718341	1.792663
C	8.742773	-3.00419	0.555605
F	8.626029	-4.349345	0.484865
F	9.701327	-2.632378	-0.322799
C	7.437928	-2.313245	0.286237
C	6.233886	-2.932811	0.627329
C	5.02939		-2.266386	0.431225
C	4.997833	-0.970975	-0.111401
C	3.716061	-0.264789	-0.319941
C	3.606671	1.120791	-0.145911
C	2.394761	1.780177	-0.31972
C	1.240022	1.082138	-0.703608
C	1.35357		-0.304624	-0.918766
C	2.560325	-0.961987	-0.701892
S	-0.001731	-1.218289	-1.618935
C	-1.353602	-0.298731	-0.921062
C	-2.561269	-0.953		-0.697308
C	-3.709635	-0.254662	-0.29613
C	-4.994515	-0.955254	-0.086374
C	-5.366926	-2.042836	-0.8938
C	-6.574044	-2.703733	-0.694961
C	-7.439484	-2.286685	0.318408
C	-8.770788	-2.956883	0.494556
F	-9.73367	-2.364515	-0.252327
F	-9.192234	-2.911965	1.778742
F	-8.734952	-4.256566	0.123561
C	-7.087081	-1.206526	1.130453
C	-5.876681	-0.552507	0.930264
C	-3.591937	1.12843		-0.108444
C	-2.3795		1.784412	-0.291285
C	-1.232188	1.085148	-0.694665
N	0.004485	1.746105	-0.877738
C	0.006123	3.183594	-0.872525
C	0.000825	3.846165	-2.078192
C	0.001551	5.259707	-2.120419
C	0.007628	5.985387	-0.95214
C	0.013307	5.334681	0.309924
C	0.019749	6.062109	1.529448
C	0.025427	5.409062	2.740084
C	0.024842	3.994093	2.785727
C	0.018464	3.256678	1.623955
C	0.012557	3.903159	0.36026
C	6.21899		-0.365529	-0.452019
C	7.426633	-1.025229	-0.253347
H	6.241858	-3.932578	1.04801
H	4.100678	-2.745824	0.72415
H	4.471782	1.693667	0.172639
H	2.344772	2.847553	-0.150111
H	2.609473	-2.030954	-0.88483
H	-2.60218	-2.029007	-0.834447
H	-4.713256	-2.357959	-1.700971
H	-6.847819	-3.541414	-1.32735
H	-7.751488	-0.892643	1.928367
H	-5.595595	0.263727	1.588166
H	-4.464864	1.710675	0.169084
H	-2.327983	2.853591	-0.133687
H	-0.004179	3.264164	-2.994027
H	-0.002887	5.765333	-3.081069
H	0.008114	7.071862	-0.977948
H	0.020255	7.148149	1.487349
H	0.030591	5.976737	3.665881
H	0.029795	3.487909	3.746511
H	0.018185	2.173118	1.660341
H	6.217806	0.620999	-0.904551
H	8.360487	-0.550129	-0.534113

