11c
C	-5.584858	-4.852479	-0.827564
C	-4.858622	-3.54626	-0.61994
C	-3.564201	-3.345124	-1.108363
C	-2.902779	-2.129533	-0.948052
C	-3.520217	-1.072877	-0.267168
N	-2.8363		0.146196	-0.050574
C	-3.51139	1.390352	-0.116895
C	-3.091958	2.450633	0.699897
C	-3.72747	3.685283	0.630403
C	-4.808944	3.904319	-0.233391
C	-5.519448	5.234981	-0.271102
C	-5.219231	2.83804		-1.041218
C	-4.580714	1.600964	-0.997405
C	-1.413071	0.150512	-0.018156
C	-0.703325	0.85489		-0.970399
C	0.70338		0.854897	-0.970369
C	1.413092	0.150527	-0.018095
N	2.836322	0.146211	-0.050451
C	3.520233	-1.072878	-0.267019
C	2.902817	-2.129515	-0.94796
C	3.564215	-3.345119	-1.108222
C	4.858601	-3.546287	-0.619695
C	5.584797	-4.852534	-0.827285
C	5.467439	-2.480055	0.056939
C	4.814898	-1.26699	0.242337
C	3.511417	1.390354	-0.11693
C	3.091981	2.450737	0.699743
C	3.727504	3.685365	0.630129
C	4.808998	3.904299	-0.233681
C	5.519429	5.234996	-0.271571
C	5.219289	2.837929	-1.041371
C	4.580755	1.600857	-0.997435
C	0.716885	-0.554537	1.01486
C	1.401239	-1.222124	2.06427
C	0.706627	-1.865529	3.062468
C	-0.706723	-1.865542	3.062432
C	-1.401297	-1.222146	2.064201
C	-0.716902	-0.554545	1.014827
C	-4.814934	-1.26696	0.242092
C	-5.467486	-2.480005	0.056648
H	-6.151915	-5.14254	0.064356
H	-6.30129	-4.787304	-1.657492
H	-4.887567	-5.663461	-1.061312
H	-3.061142	-4.152742	-1.634974
H	-1.900918	-1.998014	-1.34205
H	-2.26163	2.297371	1.381672
H	-3.382814	4.494303	1.270403
H	-6.042471	5.381305	-1.221933
H	-6.268483	5.313225	0.528444
H	-4.819373	6.067352	-0.139419
H	-6.045697	2.98086		-1.733624
H	-4.905997	0.795275	-1.646696
H	-1.2458		1.395882	-1.738828
H	1.245881	1.395893	-1.738776
H	1.900989	-1.997962	-1.342032
H	3.061181	-4.152724	-1.634877
H	6.15277		-5.141993	0.064241
H	6.300391	-4.787757	-1.65797
H	4.887381	-5.663745	-1.059875
H	6.468715	-2.607427	0.462477
H	5.2997		-0.463558	0.786751
H	2.26165		2.29755		1.381531
H	3.382855	4.494455	1.270046
H	6.043845	5.380481	-1.22176
H	4.819077	6.067428	-0.141715
H	6.267244	5.314069	0.529031
H	6.045781	2.980656	-1.733764
H	4.90606		0.795094	-1.646623
H	2.484172	-1.212331	2.071374
H	1.246911	-2.368297	3.859518
H	-1.247039	-2.36832	3.859455
H	-2.484231	-1.212372	2.071249
H	-5.299757	-0.463518	0.786471
H	-6.468794	-2.607353	0.462119

