12b
C	-5.712685	-4.703931	3.335389
C	-5.534567	-4.791551	1.80392
C	-4.762802	-6.08185	1.483094
C	-6.921968	-4.879151	1.13166
C	-4.804213	-3.539394	1.304116
C	-5.366009	-2.268459	1.510226
C	-4.738296	-1.104616	1.085725
C	-3.509585	-1.168482	0.408613
N	-2.831303	0.001687	-0.001928
C	-3.508467	1.167671	-0.424911
C	-4.734399	1.103598	-1.099443
C	-5.365722	2.26822		-1.532405
C	-4.801997	3.534227	-1.334067
C	-5.465507	4.832943	-1.807846
C	-6.804051	4.576413	-2.519183
C	-4.525663	5.558341	-2.795321
C	-5.732441	5.745911	-0.591345
C	-3.567369	3.577537	-0.667513
C	-2.931472	2.428712	-0.21394
C	-1.404037	0.000341	-0.001775
C	-0.712365	0.013896	1.225429
C	-1.397512	0.057387	2.477918
C	-0.70429	0.033627	3.658491
C	0.716508	-0.040845	3.659718
C	1.41199		-0.063172	2.48043
C	0.729146	-0.018109	1.226666
C	1.422849	-0.004255	0.000552
N	2.85013		-0.007791	0.001621
C	3.524873	-1.176967	-0.417371
C	4.752277	-1.117794	-1.089633
C	5.380219	-2.284913	-1.520533
C	4.811791	-3.548862	-1.321921
C	5.471715	-4.850293	-1.793264
C	6.812383	-4.599041	-2.502483
C	4.531117	-5.573436	-2.781675
C	5.733371	-5.762959	-0.575392
C	3.576026	-3.587305	-0.657384
C	2.943302	-2.43575	-0.206045
C	3.530365	1.157649	0.421985
C	2.955916	2.419566	0.209898
C	3.594073	3.567642	0.662473
C	4.828501	3.522458	1.32907
C	5.494703	4.820235	1.801661
C	5.763672	5.731438	0.584287
C	6.832639	4.561589	2.513382
C	4.556296	5.548566	2.788338
C	5.389789	2.255438	1.528432
C	4.756316	1.091784	1.09629
C	0.731202	0.012223	-1.226626
C	1.416377	0.054731	-2.479223
C	0.722926	0.033854	-3.659699
C	-0.698089	-0.036641	-3.660916
C	-1.393548	-0.057706	-2.481626
C	-0.710488	-0.015323	-1.227854
C	-2.937007	-2.426298	0.19184
C	-3.573877	-3.582777	0.639643
H	-6.239269	-5.589518	3.711251
H	-4.740062	-4.644746	3.836101
H	-6.292389	-3.821723	3.625372
H	-5.32012	-6.947942	1.856432
H	-4.626094	-6.214353	0.40415
H	-3.775569	-6.091968	1.958014
H	-6.821931	-4.9467		0.042731
H	-7.536689	-4.001858	1.357267
H	-7.462508	-5.766642	1.482369
H	-6.314626	-2.177173	2.031669
H	-5.194386	-0.139927	1.28047
H	-5.193073	0.139195	-1.289534
H	-6.313109	2.16864		-2.049887
H	-7.24082	5.528795	-2.83897
H	-6.675668	3.953565	-3.411351
H	-7.526488	4.084767	-1.858291
H	-4.981619	6.493854	-3.141403
H	-4.323262	4.930964	-3.670352
H	-3.565102	5.805182	-2.332018
H	-4.806737	5.99726		-0.063849
H	-6.4019		5.254452	0.123234
H	-6.201453	6.684102	-0.911777
H	-3.086895	4.534564	-0.485272
H	-1.98176	2.500715	0.305117
H	-2.479549	0.104361	2.474963
H	-1.24051	0.067974	4.602478
H	1.251		-0.076298	4.604645
H	2.494017	-0.109969	2.479686
H	5.214911	-0.155173	-1.279042
H	6.328864	-2.189116	-2.036423
H	7.246459	-5.553231	-2.820545
H	6.687704	-3.976651	-3.395495
H	7.535321	-4.109201	-1.840798
H	3.568921	-5.816545	-2.319799
H	4.984485	-6.51083	-3.126065
H	4.332372	-4.946218	-3.657659
H	4.805875	-6.010592	-0.04929
H	6.199718	-6.703076	-0.894068
H	6.403252	-5.273086	0.13988
H	3.091939	-4.542473	-0.474959
H	1.992411	-2.504106	0.311308
H	2.0063		2.493052	-0.309103
H	3.115472	4.52544		0.479347
H	6.234673	6.668935	0.903836
H	6.432119	5.237844	-0.129765
H	4.838537	5.984237	0.056487
H	7.271327	5.513361	2.832359
H	7.554141	4.067871	1.853016
H	6.702878	3.939809	3.406096
H	4.35247		4.92246		3.66395
H	3.596313	5.797002	2.324693
H	5.014206	6.483436	3.133574
H	6.337045	2.154461	2.04588
H	5.213461	0.126662	1.286283
H	2.498534	0.098356	-2.476541
H	1.25916		0.067374	-4.603707
H	-1.23272	-0.070059	-4.605834
H	-2.475697	-0.101493	-2.480911
H	-1.987061	-2.497914	-0.326838
H	-3.090092	-4.534102	0.449933

