15
N	2.92108		2.217856	1.461656
C	2.087198	1.572554	0.970275
C	1.046674	0.767248	0.423337
C	-0.170235	1.364364	0.020294
N	-0.334416	2.757773	-0.008361
C	0.631044	3.552673	-0.687212
C	1.203451	3.086067	-1.876408
C	2.186548	3.835512	-2.517965
C	2.587852	5.066065	-1.998094
C	2.00413		5.535586	-0.819575
C	1.039062	4.782331	-0.157761
C	-1.475543	3.331645	0.608637
C	-2.005217	2.751619	1.768854
C	-3.15206	3.280454	2.354913
C	-3.76977	4.407121	1.811418
C	-3.230676	4.994087	0.664748
C	-2.098009	4.45922		0.057217
C	-1.210911	0.520599	-0.372908
F	-2.360747	1.06499		-0.797231
C	-1.12532	-0.878601	-0.308293
N	-2.231306	-1.680369	-0.6164
C	-2.096211	-2.751329	-1.539251
C	-2.779289	-3.956364	-1.332044
C	-2.637401	-4.999755	-2.242529
C	-1.803351	-4.864871	-3.354582
C	-1.116626	-3.666705	-3.553151
C	-1.268231	-2.609684	-2.658827
C	-3.482775	-1.370294	-0.017653
C	-4.673849	-1.500727	-0.742508
C	-5.888255	-1.171633	-0.146436
C	-5.931557	-0.690757	1.163871
C	-4.742686	-0.554456	1.881027
C	-3.525458	-0.904333	1.302337
C	0.123391	-1.426143	0.02446
F	0.260339	-2.760442	0.019815
C	1.224374	-0.634897	0.3548
N	2.473674	-1.217095	0.633075
C	3.603217	-0.767145	-0.104834
C	3.465864	-0.460401	-1.464205
C	4.553988	0.02955		-2.182739
C	5.7927		0.194334	-1.562892
C	5.929864	-0.124948	-0.210245
C	4.842686	-0.592352	0.522051
C	2.578019	-2.225939	1.622152
C	1.76245		-2.174778	2.759815
C	1.843384	-3.176821	3.723631
C	2.748972	-4.228256	3.578322
C	3.568713	-4.271585	2.448525
C	3.482097	-3.285859	1.469557
H	0.883797	2.133426	-2.286273
H	2.632171	3.457442	-3.433648
H	3.351876	5.650737	-2.501307
H	2.319215	6.485042	-0.396479
H	0.610989	5.129603	0.775965
H	-1.515381	1.887582	2.205901
H	-3.555301	2.814379	3.249559
H	-4.659574	4.822823	2.274248
H	-3.704825	5.867682	0.226203
H	-1.69616	4.903905	-0.846359
H	-3.411095	-4.068299	-0.457734
H	-3.170688	-5.930559	-2.071387
H	-1.689273	-5.685069	-4.05675
H	-0.467915	-3.545833	-4.416059
H	-0.748838	-1.670829	-2.823753
H	-4.640153	-1.849371	-1.768731
H	-6.805619	-1.274593	-0.719121
H	-6.880535	-0.424077	1.61889
H	-4.759962	-0.185409	2.90256
H	-2.603569	-0.814684	1.867858
H	2.505577	-0.603545	-1.94942
H	4.433314	0.270447	-3.235246
H	6.64116		0.572355	-2.125096
H	6.884958	0.014427	0.287887
H	4.939659	-0.80538	1.58064
H	1.073984	-1.345351	2.88639
H	1.203806	-3.124611	4.600275
H	2.815963	-5.003861	4.335133
H	4.273144	-5.088337	2.317941
H	4.106236	-3.332507	0.584077

