17
O	0.10325		1.662988	2.261298
C	0.488175	0.593773	1.795409
C	-0.488173	-0.593716	1.795423
O	-0.103235	-1.66293	2.261306
C	-1.859199	-0.393565	1.288667
C	-2.311027	0.808714	0.716873
C	-3.601407	0.918019	0.221762
C	-4.490509	-0.171158	0.290858
N	-5.799449	-0.058362	-0.199861
C	-6.478168	-1.190945	-0.728803
C	-5.828936	-2.055457	-1.620208
C	-6.503143	-3.159728	-2.136173
C	-7.833372	-3.402839	-1.788504
C	-8.483441	-2.533347	-0.910595
C	-7.811124	-1.437197	-0.37534
C	-6.479065	1.191551	-0.179012
C	-7.200821	1.614875	-1.302333
C	-7.885917	2.827412	-1.274618
C	-7.846459	3.636557	-0.137614
C	-7.122006	3.216293	0.979658
C	-6.449472	1.996634	0.967417
C	-4.041146	-1.378194	0.865718
C	-2.749342	-1.481354	1.347855
C	1.8592		0.393606	1.288657
C	2.311019	-0.808682	0.716877
C	3.601399	-0.918003	0.221768
C	4.49051		0.171168	0.290854
N	5.799449	0.058357	-0.199862
C	6.479053	-1.191562	-0.179002
C	6.449445	-1.996639	0.967431
C	7.121966	-3.216306	0.979681
C	7.84642		-3.636583	-0.137585
C	7.885893	-2.827444	-1.274592
C	7.20081		-1.6149		-1.302318
C	6.478179	1.19093		-0.72881
C	5.828955	2.055443	-1.620219
C	6.503172	3.159705	-2.136191
C	7.833404	3.402805	-1.788524
C	8.483465	2.533311	-0.910609
C	7.811137	1.437171	-0.375348
C	4.041155	1.378213	0.865702
C	2.749352	1.481389	1.347836
H	-1.648682	1.663575	0.662097
H	-3.932101	1.848101	-0.225805
H	-4.799664	-1.856433	-1.899801
H	-5.98928	-3.82418	-2.825031
H	-8.358283	-4.260345	-2.198591
H	-9.516926	-2.714604	-0.629293
H	-8.310235	-0.764674	0.314342
H	-7.221776	0.987546	-2.187298
H	-8.442747	3.145736	-2.151389
H	-8.375845	4.584466	-0.121637
H	-7.090494	3.833253	1.873146
H	-5.896686	1.662084	1.838965
H	-4.719292	-2.221046	0.934898
H	-2.400505	-2.404862	1.797856
H	1.648668	-1.663539	0.662109
H	3.932087	-1.848092	-0.225789
H	5.896657	-1.66208	1.838974
H	7.090442	-3.833261	1.873172
H	8.375796	-4.584498	-0.1216
H	8.442725	-3.145778	-2.151359
H	7.221777	-0.987576	-2.187286
H	4.799681	1.856428	-1.899811
H	5.989316	3.824158	-2.825052
H	8.358323	4.260303	-2.198615
H	9.516952	2.714561	-0.629309
H	8.310242	0.764647	0.314337
H	4.719309	2.221061	0.934874
H	2.400521	2.404905	1.797827

