3d
N	2.881926	3.030234	-2.354377
C	2.461933	2.208281	-1.648605
C	1.9471		1.202161	-0.773862
C	2.830592	0.353388	-0.078591
N	4.212281	0.566222	-0.146578
C	4.879944	1.7248		0.289268
C	4.366409	2.86266		0.905127
C	5.260987	3.867542	1.263567
C	6.632603	3.717033	1.014007
Br	7.817073	5.125015	1.52475
C	7.153369	2.576126	0.415206
C	6.264208	1.563039	0.048767
C	6.44261		0.259458	-0.56231
C	7.563338	-0.429213	-1.032234
C	7.369619	-1.684311	-1.596646
Br	8.878704	-2.657362	-2.246211
C	6.096476	-2.260247	-1.71242
C	4.97264		-1.58119	-1.249618
C	5.161614	-0.331327	-0.667124
C	2.307785	-0.711011	0.677469
C	3.184438	-1.526636	1.45673
N	3.896197	-2.186131	2.095852
C	0.912182	-0.918571	0.757975
N	0.430341	-2.020307	1.481449
C	0.623271	-3.36028	1.084904
C	1.440265	-3.880396	0.084448
C	1.401531	-5.254993	-0.141679
C	0.5572		-6.074614	0.619184
Br	0.53746		-7.950849	0.267856
C	-0.268717	-5.560618	1.612523
C	-0.238935	-4.184346	1.845652
C	-0.976093	-3.317224	2.744905
C	-1.941516	-3.560706	3.724914
C	-2.445116	-2.473002	4.427962
Br	-3.780841	-2.762105	5.760963
C	-1.99609	-1.164556	4.196195
C	-1.026793	-0.915355	3.229481
C	-0.544807	-1.994436	2.495467
C	0.028361	-0.02471	0.121807
N	-1.364066	-0.170949	0.289253
C	-2.1896		0.87644		0.737743
C	-1.849745	1.997381	1.489846
C	-2.840936	2.939208	1.744094
C	-4.136659	2.744018	1.246031
Br	-5.393591	4.1665		1.431598
C	-4.504403	1.588818	0.565808
C	-3.516132	0.63139		0.320253
C	-3.508335	-0.636514	-0.384562
C	-4.494239	-1.340427	-1.077704
C	-4.123274	-2.512216	-1.726059
Br	-5.417369	-3.437985	-2.776887
C	-2.814881	-3.012598	-1.66771
C	-1.82182	-2.313897	-0.984457
C	-2.176354	-1.118238	-0.368229
C	0.554453	1.018486	-0.682461
N	-0.287389	1.851064	-1.454475
C	-0.698299	3.140448	-1.036524
C	-0.041141	4.047626	-0.212841
C	-0.724618	5.205848	0.153162
C	-2.02981	5.432818	-0.305546
Br	-2.976829	6.957713	0.337439
C	-2.671204	4.556179	-1.173032
C	-1.993204	3.395536	-1.547689
C	-2.377428	2.242115	-2.341541
C	-3.54409	1.89171		-3.025972
C	-3.583718	0.647515	-3.645844
Br	-5.216686	0.032034	-4.414427
C	-2.478738	-0.213968	-3.668373
C	-1.318465	0.124711	-2.979525
C	-1.304036	1.327163	-2.281463
H	3.306528	2.972642	1.107876
H	4.900837	4.77234		1.738664
H	8.219579	2.480068	0.245211
H	8.557028	-0.001149	-0.966921
H	5.992199	-3.239029	-2.165373
H	3.986541	-2.021149	-1.349238
H	2.094299	-3.249767	-0.506537
H	2.029328	-5.696972	-0.906303
H	-0.923064	-6.213929	2.178198
H	-2.291448	-4.564623	3.93603
H	-2.407293	-0.346208	4.775237
H	-0.671624	0.093195	3.060893
H	-0.834085	2.167886	1.82796
H	-2.604626	3.851186	2.277628
H	-5.519797	1.456794	0.210014
H	-5.508044	-0.965808	-1.153559
H	-2.574483	-3.941077	-2.172521
H	-0.806457	-2.689847	-0.968223
H	0.963693	3.864131	0.151509
H	-0.254944	5.931882	0.806498
H	-3.687357	4.74693		-1.497344
H	-4.4075		2.546718	-3.044981
H	-2.552311	-1.164618	-4.181162
H	-0.471661	-0.551965	-2.958479

