3h
N	1.725951	3.775096	-2.032078
C	1.314049	2.988412	-1.281631
C	0.79474		2.020189	-0.367594
C	1.431834	1.815586	0.875009
N	2.649239	2.448899	1.201006
C	2.749253	3.853887	1.272205
C	3.938738	4.516727	0.960715
C	4.007228	5.906113	1.043835
C	2.905713	6.682892	1.420384
C	1.722141	5.994801	1.73101
C	1.63872		4.610291	1.672898
C	3.795867	1.598192	1.061609
C	4.694214	1.421079	2.117049
C	5.716068	0.485249	2.001387
C	5.867808	-0.311707	0.85306
C	4.982929	-0.086055	-0.206628
C	3.966317	0.862613	-0.11275
C	0.962791	0.782494	1.701933
C	1.625385	0.506374	2.93726
N	2.148963	0.281726	3.950829
C	-0.0962		-0.059007	1.289301
N	-0.298428	-1.285577	1.979672
C	0.533958	-2.36178	1.567649
C	1.72063		-2.136602	0.850174
C	2.483194	-3.202171	0.388427
C	2.123891	-4.534091	0.629068
C	0.956263	-4.74078	1.374763
C	0.166434	-3.686468	1.827204
C	-1.009536	-1.30427	3.2104
C	-2.256966	-0.685965	3.303376
C	-2.952056	-0.675238	4.512972
C	-2.443191	-1.296184	5.657786
C	-1.187988	-1.917938	5.540263
C	-0.472644	-1.916977	4.350416
C	-0.780176	0.199489	0.0935
N	-1.961857	-0.496657	-0.258468
C	-3.185894	0.203688	-0.120792
C	-3.26942	1.373648	0.651268
C	-4.478548	2.044964	0.791037
C	-5.657398	1.589585	0.186343
C	-5.552462	0.429857	-0.592117
C	-4.347266	-0.245927	-0.759588
C	-1.95378	-1.90838	-0.449598
C	-1.075223	-2.487268	-1.36332
C	-1.081592	-3.866938	-1.573069
C	-1.981789	-4.705293	-0.909132
C	-2.8512		-4.10274	0.016487
C	-2.833417	-2.736282	0.259271
C	-0.241099	1.164361	-0.798145
N	-0.497526	1.100377	-2.182136
C	-1.791801	1.252935	-2.740654
C	-2.587451	2.34103		-2.383969
C	-3.85131	2.502705	-2.951194
C	-4.344681	1.608213	-3.906718
C	-3.527667	0.516426	-4.246383
C	-2.277978	0.328869	-3.672958
C	0.592218	0.662027	-2.990769
C	0.784397	1.168109	-4.277919
C	1.867965	0.741414	-5.044679
C	2.80316		-0.182774	-4.559361
C	2.588994	-0.681687	-3.266514
C	1.508186	-0.276815	-2.493944
H	4.803852	3.948387	0.638241
H	4.946713	6.382169	0.788035
H	0.840433	6.549521	2.038252
H	0.714088	4.10805		1.940858
H	4.554998	1.982054	3.034526
H	6.382838	0.343997	2.846291
H	5.071323	-0.648597	-1.128399
H	3.29959		1.015894	-0.953353
H	2.075177	-1.134038	0.654156
H	3.391776	-2.970378	-0.16029
H	0.631357	-5.748076	1.605633
H	-0.751225	-3.891644	2.364943
H	-2.693909	-0.215294	2.432301
H	-3.915519	-0.179202	4.539509
H	-0.741076	-2.397351	6.406164
H	0.509429	-2.372902	4.301229
H	-2.388892	1.759505	1.151917
H	-4.495902	2.93908		1.407228
H	-6.426572	0.032171	-1.093815
H	-4.305342	-1.123623	-1.392632
H	-0.392995	-1.861201	-1.92404
H	-0.376585	-4.274892	-2.287606
H	-3.557189	-4.714144	0.570729
H	-3.501644	-2.302359	0.994621
H	-2.213958	3.062781	-1.665087
H	-4.443678	3.354788	-2.641063
H	-3.876013	-0.211837	-4.972701
H	-1.672087	-0.529716	-3.941507
H	0.094016	1.907155	-4.669184
H	1.988396	1.167627	-6.03377
H	3.271773	-1.413101	-2.843954
H	1.382538	-0.692165	-1.501778
C	2.945395	8.213691	1.499594
C	2.622922	8.662808	2.941358
H	2.639594	9.757006	3.014473
H	3.358154	8.260659	3.647089
H	1.632656	8.32134		3.259664
C	4.322235	8.780027	1.116194
H	4.303966	9.873181	1.185763
H	4.596084	8.516667	0.088688
H	5.110192	8.41767		1.785755
C	1.89533		8.801965	0.532086
H	1.907428	9.897892	0.574222
H	0.883232	8.468398	0.782811
H	2.102351	8.494258	-0.498527
C	6.944211	-1.401868	0.813039
C	6.67279		-2.407607	1.954134
H	7.408412	-3.220438	1.930222
H	5.673069	-2.843896	1.857769
H	6.732251	-1.928933	2.936502
C	6.942498	-2.171677	-0.518471
H	7.722977	-2.939742	-0.500801
H	7.142862	-1.512958	-1.370975
H	5.986254	-2.677833	-0.69388
C	8.33726		-0.765498	1.003031
H	9.114305	-1.538976	0.993808
H	8.410315	-0.229388	1.954445
H	8.553056	-0.053276	0.198906
C	4.022268	-0.652085	-5.361145
C	3.934917	-2.17883	-5.576636
H	3.904407	-2.720654	-4.625491
H	4.806156	-2.536285	-6.138397
H	3.032726	-2.441034	-6.140192
C	4.110544	0.02833		-6.736492
H	4.197958	1.116356	-6.644135
H	3.234732	-0.195018	-7.355698
H	4.995614	-0.332952	-7.271192
C	5.30865		-0.319608	-4.572598
H	5.33373		-0.830953	-3.604534
H	5.383324	0.75669		-4.38426
H	6.194463	-0.633397	-5.13753
C	-5.702021	1.782823	-4.598591
C	-6.57496	0.532545	-4.35847
H	-6.75071	0.384241	-3.288768
H	-6.103099	-0.37461	-4.748868
H	-7.546217	0.644257	-4.854863
C	-6.466011	3.009638	-4.077498
H	-6.663489	2.931634	-3.004077
H	-7.430819	3.091093	-4.58977
H	-5.914526	3.938761	-4.258086
C	-5.475225	1.96266		-6.115759
H	-4.8592		2.846649	-6.313819
H	-6.433672	2.088796	-6.633651
H	-4.968202	1.096593	-6.553115
C	-6.979078	2.328939	0.425284
C	-8.138504	1.726923	-0.385539
H	-7.945203	1.763018	-1.462939
H	-9.056375	2.293023	-0.193389
H	-8.328893	0.684614	-0.107447
C	-7.33874	2.235736	1.924987
H	-6.560565	2.683051	2.552042
H	-7.455395	1.190252	2.231072
H	-8.279989	2.760508	2.128898
C	-6.831272	3.814687	0.032789
H	-6.569417	3.917832	-1.025366
H	-6.053639	4.314422	0.618767
H	-7.772682	4.349837	0.204469
C	-2.082288	-6.210911	-1.182446
C	-0.987354	-6.700211	-2.143473
H	0.012766	-6.500929	-1.745295
H	-1.065597	-6.223709	-3.12668
H	-1.079895	-7.781598	-2.291741
C	-3.458023	-6.506934	-1.819957
H	-3.574982	-5.95928	-2.761616
H	-4.277908	-6.211709	-1.157025
H	-3.561738	-7.578385	-2.030143
C	-1.954017	-7.003342	0.135428
H	-0.984163	-6.817849	0.605781
H	-2.041232	-8.078881	-0.05842
H	-2.732754	-6.731558	0.854622
C	2.995927	-5.671693	0.086311
C	3.092825	-5.550424	-1.450649
H	3.539905	-4.597214	-1.751957
H	2.101052	-5.611869	-1.911249
H	3.712678	-6.356209	-1.861725
C	4.412653	-5.568151	0.691357
H	4.893422	-4.620115	0.431873
H	5.050135	-6.379067	0.318578
H	4.375353	-5.635228	1.784135
C	2.426128	-7.057627	0.429088
H	2.36492		-7.212466	1.511891
H	3.077201	-7.837154	0.018672
H	1.426628	-7.203701	0.005985
C	-3.184233	-1.315822	6.999941
C	-2.318218	-0.619853	8.07246
H	-2.122519	0.422127	7.796927
H	-1.352018	-1.118227	8.198893
H	-2.830511	-0.628849	9.042127
C	-3.443173	-2.778956	7.420179
H	-2.509423	-3.340131	7.526842
H	-4.0602		-3.293668	6.675248
H	-3.967391	-2.813497	8.382818
C	-4.537258	-0.589399	6.927859
H	-4.416377	0.465958	6.659812
H	-5.030208	-0.629477	7.905332
H	-5.208627	-1.054318	6.197356

