3j
N	-0.16878	-4.157989	1.33917
C	-0.283471	-3.088841	0.896423
C	-0.422008	-1.770732	0.366215
C	-1.64466	-1.360722	-0.200071
N	-2.741118	-2.225437	-0.292454
C	-4.00922	-1.778912	0.173972
C	-4.084261	-1.028736	1.354011
C	-5.308263	-0.535639	1.798425
C	-6.453265	-0.827395	1.067769
F	-7.64287	-0.362481	1.499662
C	-6.405653	-1.589836	-0.094357
C	-5.176216	-2.056126	-0.54751
C	-2.586849	-3.503942	-0.896132
C	-3.206282	-4.630827	-0.343553
C	-3.036023	-5.879761	-0.930461
C	-2.226577	-5.992502	-2.056156
F	-2.05041	-7.205352	-2.617585
C	-1.599253	-4.889133	-2.620517
C	-1.795642	-3.637347	-2.042843
C	-1.728367	-0.048427	-0.710933
C	-2.847786	0.291655	-1.530893
N	-3.728085	0.527831	-2.252982
C	-0.677265	0.880092	-0.548102
N	-0.857101	2.201637	-0.981011
C	0.051351	2.737215	-1.938133
C	0.511478	4.054334	-1.821034
C	1.391165	4.574121	-2.764954
C	1.811292	3.763747	-3.815346
F	2.674794	4.26287		-4.721044
C	1.35552		2.459978	-3.962479
C	0.458282	1.954724	-3.023579
C	-2.063033	2.899593	-0.677599
C	-2.625715	3.78957		-1.600458
C	-3.806275	4.463403	-1.301595
C	-4.435465	4.222752	-0.087139
F	-5.585246	4.865967	0.199994
C	-3.908096	3.330739	0.837919
C	-2.714095	2.681211	0.544214
C	0.552337	0.457612	0.039078
N	1.591635	1.388715	0.25734
C	1.334744	2.560732	1.011591
C	2.101053	3.71898		0.804402
C	1.850874	4.874702	1.537019
C	0.813474	4.881852	2.463551
F	0.560453	6.00829		3.161344
C	0.038097	3.75296		2.688289
C	0.314586	2.590687	1.971964
C	2.927455	1.08347		-0.138855
C	3.99163		1.259135	0.755213
C	5.294596	0.969571	0.363772
C	5.520646	0.481917	-0.918866
F	6.780525	0.171622	-1.287696
C	4.483825	0.291539	-1.820061
C	3.184855	0.60157		-1.425066
C	0.674658	-0.883621	0.453631
N	1.890024	-1.371341	1.013788
C	1.983417	-1.478851	2.435119
C	2.219704	-2.716836	3.049495
C	2.307158	-2.808335	4.434957
C	2.13149		-1.66026	5.20054
F	2.203385	-1.7507		6.544828
C	1.885894	-0.424282	4.617668
C	1.828015	-0.336996	3.2276
C	2.789923	-2.070081	0.171624
C	2.396926	-2.542479	-1.089009
C	3.316003	-3.162494	-1.933889
C	4.626353	-3.321074	-1.509273
F	5.520035	-3.920866	-2.326008
C	5.038991	-2.877659	-0.257904
C	4.122541	-2.248098	0.575739
H	-3.180857	-0.833737	1.922735
H	-5.386105	0.04916		2.708454
H	-7.319538	-1.786298	-0.643925
H	-5.112881	-2.619212	-1.471513
H	-3.806262	-4.525122	0.553303
H	-3.50031	-6.766681	-0.51375
H	-0.98535	-5.014454	-3.505585
H	-1.337686	-2.757043	-2.482588
H	0.178628	4.662703	-0.98939
H	1.763279	5.590064	-2.690271
H	1.688398	1.865781	-4.806329
H	0.064161	0.949361	-3.132635
H	-2.151083	3.941705	-2.562086
H	-4.253594	5.150753	-2.011048
H	-4.426593	3.157298	1.774357
H	-2.299512	1.98351		1.260174
H	2.886205	3.713078	0.05877
H	2.438817	5.773288	1.383731
H	-0.761589	3.784839	3.4199
H	-0.267822	1.696881	2.161174
H	3.796118	1.615006	1.760235
H	6.128722	1.092188	1.046078
H	4.694128	-0.102448	-2.80757
H	2.364249	0.462968	-2.115914
H	2.320297	-3.605784	2.438991
H	2.484473	-3.759037	4.925779
H	1.763305	0.453245	5.243335
H	1.670564	0.624198	2.758849
H	1.372879	-2.427517	-1.422313
H	3.018979	-3.529802	-2.910335
H	6.073486	-3.004666	0.041963
H	4.442932	-1.869807	1.538407

