3l
N	1.074174	3.853883	-2.163029
C	0.873536	2.974065	-1.43034
C	0.610846	1.893157	-0.533674
C	1.378732	1.760341	0.640213
N	2.397958	2.677749	0.947829
C	3.740846	2.207709	0.934195
C	4.152798	1.31625		-0.063393
C	5.451035	0.811987	-0.061362
C	6.340398	1.223654	0.92807
Br	8.121848	0.544238	0.930635
C	5.947865	2.127029	1.916188
C	4.644239	2.610406	1.923636
C	2.085747	4.051865	1.096587
C	2.95702		5.043111	0.628531
C	2.630089	6.386488	0.775653
C	1.421788	6.74063		1.374523
Br	0.968472	8.583835	1.56345
C	0.542328	5.765561	1.838429
C	0.881865	4.422086	1.708944
C	1.171069	0.626302	1.446959
C	1.992561	0.421871	2.596935
N	2.661348	0.260858	3.534025
C	0.174693	-0.32438	1.128144
N	0.110967	-1.530962	1.880523
C	0.926944	-2.608189	1.451378
C	0.633695	-3.912554	1.877986
C	1.349427	-4.997311	1.388536
C	2.361207	-4.789661	0.452826
Br	3.246466	-6.288536	-0.32262
C	2.699249	-3.501907	0.052
C	1.991075	-2.413922	0.557564
C	-0.447478	-1.515245	3.19464
C	0.323247	-1.884323	4.304787
C	-0.232134	-1.869079	5.579897
C	-1.556598	-1.464363	5.74667
Br	-2.314658	-1.42787	7.497519
C	-2.334143	-1.090157	4.654444
C	-1.778611	-1.131188	3.37693
C	-0.656257	-0.130427	0.008545
N	-1.77213	-0.968748	-0.245805
C	-3.066087	-0.453499	0.003949
C	-3.254802	0.658721	0.839813
C	-4.521781	1.209894	1.015194
C	-5.611563	0.647723	0.359151
Br	-7.318325	1.486621	0.466608
C	-5.452134	-0.484754	-0.437804
C	-4.186271	-1.026618	-0.617758
C	-1.566974	-2.352047	-0.501985
C	-2.262178	-3.333355	0.216009
C	-1.981637	-4.67924	0.010462
C	-0.98638	-5.042509	-0.897227
Br	-0.465167	-6.867447	-1.042069
C	-0.312814	-4.081741	-1.642984
C	-0.620906	-2.736673	-1.455215
C	-0.340211	0.916455	-0.896935
N	-0.786339	0.898495	-2.235548
C	-2.158275	1.019563	-2.575386
C	-2.746208	0.131511	-3.483885
C	-4.104465	0.223832	-3.767017
C	-4.872057	1.195545	-3.124262
Br	-6.762502	1.203382	-3.353434
C	-4.294241	2.107916	-2.24765
C	-2.929193	2.024999	-1.986803
C	0.200804	0.753277	-3.246726
C	1.360994	0.002116	-3.001114
C	2.338791	-0.130748	-3.982899
C	2.15262		0.475465	-5.222809
Br	3.484154	0.285371	-6.573706
C	1.003302	1.220053	-5.48369
C	0.03598		1.366422	-4.494896
H	3.463073	1.030229	-0.851553
H	5.774512	0.121356	-0.831765
H	6.648799	2.42913		2.685715
H	4.315792	3.286105	2.705518
H	3.879702	4.760637	0.134825
H	3.300255	7.154849	0.407645
H	-0.389727	6.052792	2.311609
H	0.214777	3.656608	2.092348
H	-0.184134	-4.077885	2.568589
H	1.084846	-6.00404	1.688864
H	3.505936	-3.34543	-0.655429
H	2.272604	-1.416033	0.243124
H	1.360117	-2.167309	4.168311
H	0.365022	-2.148163	6.440375
H	-3.366015	-0.788215	4.793945
H	-2.388803	-0.875235	2.521201
H	-2.406637	1.115841	1.33629
H	-4.653516	2.08523		1.641334
H	-6.301303	-0.900717	-0.966655
H	-4.057257	-1.876412	-1.276453
H	-2.994702	-3.040403	0.959843
H	-2.495027	-5.440913	0.586388
H	0.458994	-4.377614	-2.343601
H	-0.107889	-1.980647	-2.036914
H	-2.14356	-0.645887	-3.941231
H	-4.574438	-0.478701	-4.445849
H	-4.908181	2.849666	-1.751159
H	-2.461081	2.727438	-1.305529
H	1.504326	-0.481591	-2.04088
H	3.23203		-0.714152	-3.789795
H	0.874935	1.701744	-6.44625
H	-0.843777	1.97034		-4.684061

