4a
N	-3.372163	-1.888313	-0.838162
C	-2.397567	-1.329909	-0.541229
C	-1.194571	-0.636851	-0.202098
C	-1.20766	0.774523	-0.164637
N	-2.424346	1.449139	-0.327716
C	-2.81507	2.196818	-1.451809
C	-2.094151	2.496325	-2.60416
C	-2.737347	3.250893	-3.584073
C	-4.062063	3.685845	-3.417737
C	-4.777411	3.368213	-2.265887
C	-4.155656	2.612585	-1.267783
C	-4.594922	2.089941	0.013285
C	-5.790463	2.171842	0.732671
C	-5.879909	1.539599	1.970423
C	-4.786722	0.834371	2.498465
C	-3.58192	0.742078	1.803544
C	-3.509165	1.367891	0.562292
C	-0.00017	1.472652	1e-05
Cl	-0.00034	3.20576		2e-06
C	1.207458	0.774768	0.164673
N	2.424014	1.449626	0.327713
C	2.81458		2.197474	1.451747
C	2.093586	2.496949	2.604058
C	2.736622	3.25173		3.583912
C	4.061258	3.68692		3.417556
C	4.776684	3.369322	2.265746
C	4.155088	2.613485	1.267701
C	4.594472	2.090808	-0.013314
C	5.790007	2.172872	-0.732691
C	5.879592	1.540526	-1.970381
C	4.78655		0.835032	-2.498369
C	3.581756	0.742573	-1.803457
C	3.508861	1.368498	-0.562269
C	1.194652	-0.636604	0.202169
C	2.397812	-1.329416	0.541212
N	3.372537	-1.887624	0.838086
C	0.000113	-1.354493	5e-05
N	0.000275	-2.75113	4.1e-05
C	0.750491	-3.572747	-0.865306
C	1.602		-3.214261	-1.906675
C	2.201845	-4.243766	-2.629559
C	1.949814	-5.590912	-2.326513
C	1.084621	-5.93783	-1.292278
C	0.473165	-4.923428	-0.550588
C	-0.472066	-4.923556	0.550639
C	-1.083266	-5.938126	1.29231
C	-1.948527	-5.591445	2.326567
C	-2.200875	-4.244368	2.629656
C	-1.601292	-3.214699	1.906789
C	-0.749717	-3.572949	0.865392
H	-1.072145	2.157567	-2.737037
H	-2.200628	3.504188	-4.493395
H	-4.534372	4.271744	-4.20024
H	-5.806218	3.695133	-2.14575
H	-6.636368	2.72174		0.330468
H	-6.804906	1.592713	2.536205
H	-4.877867	0.351221	3.466602
H	-2.734139	0.206022	2.218361
H	1.071641	2.158012	2.736948
H	2.19984		3.505007	4.493202
H	4.533442	4.272981	4.200013
H	5.80543		3.696428	2.145594
H	6.635801	2.72297		-0.330528
H	6.804587	1.593764	-2.536154
H	4.877804	0.351805	-3.466457
H	2.734085	0.206308	-2.218231
H	1.801399	-2.175947	-2.148435
H	2.878082	-3.994165	-3.44147
H	2.433792	-6.369414	-2.908102
H	0.882283	-6.980613	-1.065917
H	-0.880675	-6.980854	1.065923
H	-2.432307	-6.370079	2.908144
H	-2.877159	-3.994953	3.441585
H	-1.800939	-2.176441	2.148583

