4b
N	3.567723	1.01577		1.214069
C	2.529036	0.701114	0.799081
C	1.241054	0.3153		0.314876
C	0.30536		1.31269		-0.039626
N	0.698443	2.652719	-0.056677
C	0.183829	3.674116	0.763009
C	-0.807742	3.621326	1.737999
C	-1.100796	4.796459	2.421737
C	-0.432585	6.015849	2.169849
C	0.568885	6.032233	1.196772
C	0.885997	4.867368	0.490883
C	1.86795		4.562338	-0.534564
C	2.824434	5.331795	-1.204499
C	3.642206	4.7501		-2.175318
C	3.46565		3.37831		-2.464232
C	2.521234	2.58798		-1.818675
C	1.733957	3.19269		-0.843596
C	-1.005206	0.931618	-0.37633
Cl	-2.119226	2.120627	-0.970506
C	-1.395303	-0.4174		-0.329507
N	-2.706232	-0.793812	-0.641113
C	-3.114441	-1.540587	-1.76198
C	-2.359135	-2.078366	-2.799449
C	-3.039902	-2.761086	-3.801554
C	-4.444474	-2.917154	-3.805021
C	-5.175039	-2.353178	-2.757502
C	-4.520273	-1.661512	-1.733204
C	-4.985845	-0.964474	-0.547583
C	-6.25121	-0.758665	0.011743
C	-6.388209	-0.038078	1.200253
C	-5.22028	0.464142	1.817813
C	-3.948068	0.273794	1.289069
C	-3.846642	-0.437587	0.097323
C	-0.43725	-1.407513	-0.014981
C	-0.821613	-2.783497	-0.018941
N	-1.133686	-3.90284	-0.024579
C	0.889067	-1.047903	0.291567
N	1.839609	-2.021924	0.611397
C	1.800757	-2.89562	1.716057
C	0.843097	-3.029329	2.71683
C	1.082385	-3.969408	3.713205
C	2.245485	-4.771038	3.74764
C	3.195538	-4.600559	2.739102
C	2.984183	-3.66406	1.722162
C	3.775636	-3.243476	0.580097
C	5.014102	-3.646749	0.070765
C	5.530626	-3.049886	-1.081064
C	4.765528	-2.045343	-1.715131
C	3.529463	-1.625733	-1.236111
C	3.050064	-2.227741	-0.076563
H	-1.338074	2.701648	1.961778
H	-1.87699	4.764385	3.179594
H	1.116772	6.941871	0.980834
H	2.918391	6.382913	-0.958425
H	4.090295	2.910842	-3.218504
H	2.411518	1.538321	-2.070345
H	-1.279148	-1.979178	-2.829957
H	-2.457114	-3.191071	-4.609696
H	-6.254741	-2.440003	-2.725041
H	-7.1194		-1.170235	-0.489393
H	-5.308998	1.021818	2.744653
H	-3.07019	0.665829	1.793163
H	-0.061812	-2.431313	2.726118
H	0.335612	-4.085274	4.491975
H	4.10875		-5.183881	2.733085
H	5.562555	-4.428317	0.583137
H	5.150425	-1.573557	-2.613465
H	2.966828	-0.855102	-1.753028
C	-0.82559	7.26403		2.972661
C	-0.598128	7.000411	4.477131
H	-0.876139	7.882989	5.065502
H	0.454741	6.772926	4.676487
H	-1.196358	6.157269	4.836954
C	-2.316348	7.583017	2.726323
H	-2.615771	8.471302	3.295285
H	-2.964626	6.755812	3.0325
H	-2.501378	7.777558	1.664203
C	0.0006		8.497248	2.572434
H	-0.315394	9.360982	3.167276
H	-0.138362	8.752774	1.516144
H	1.070416	8.34414		2.752141
C	4.717637	5.541354	-2.932874
C	4.771988	7.014362	-2.495992
H	5.552062	7.537034	-3.059928
H	5.009947	7.112513	-1.431127
H	3.82364		7.52907		-2.68629
C	6.100714	4.908471	-2.665342
H	6.882903	5.461171	-3.199399
H	6.141463	3.866252	-2.997392
H	6.335665	4.927017	-1.59569
C	4.416884	5.499432	-4.44692
H	5.17922		6.058019	-5.002992
H	3.439835	5.946197	-4.661592
H	4.407757	4.474457	-4.831135
C	2.4201		-5.787558	4.884594
C	1.255362	-6.800874	4.848078
H	0.285204	-6.308887	4.969645
H	1.362665	-7.534896	5.65574
H	1.23905		-7.339217	3.894249
C	2.416599	-5.048444	6.240437
H	1.48044		-4.505421	6.404607
H	3.236975	-4.324055	6.289991
H	2.538206	-5.761886	7.064285
C	3.739049	-6.568975	4.768801
H	4.609323	-5.905071	4.816679
H	3.79141		-7.139072	3.834702
H	3.818996	-7.281116	5.597221
C	6.889078	-3.443562	-1.678028
C	6.687725	-3.96125	-3.118862
H	6.234505	-3.20167	-3.76383
H	6.03488		-4.840998	-3.127847
H	7.650627	-4.243857	-3.560944
C	7.815091	-2.207875	-1.700178
H	7.395309	-1.396728	-2.303532
H	8.791619	-2.470382	-2.124533
H	7.972599	-1.822705	-0.686974
C	7.583571	-4.548236	-0.865054
H	7.779948	-4.230371	0.164787
H	8.546294	-4.794438	-1.325861
H	6.985803	-5.465917	-0.834551
C	-5.10778	-3.693882	-4.951107
C	-4.558492	-5.136944	-4.976493
H	-3.474682	-5.156399	-5.128069
H	-5.021194	-5.707067	-5.791012
H	-4.772467	-5.650202	-4.032786
C	-4.791707	-2.999563	-6.293719
H	-3.714732	-2.955335	-6.484424
H	-5.175348	-1.973339	-6.300098
H	-5.256177	-3.544727	-7.124105
C	-6.635811	-3.765683	-4.797415
H	-7.091143	-2.769085	-4.800359
H	-6.926246	-4.274612	-3.871734
H	-7.063923	-4.328462	-5.63395
C	-7.751617	0.221192	1.85691
C	-7.766624	-0.397616	3.27167
H	-6.988846	0.031867	3.911119
H	-7.600932	-1.479434	3.22377
H	-8.734093	-0.219573	3.756199
C	-7.990554	1.743431	1.959364
H	-7.219277	2.23625		2.559833
H	-8.960606	1.946979	2.428412
H	-7.986502	2.204739	0.965715
C	-8.910323	-0.392153	1.053868
H	-8.969571	0.027026	0.043368
H	-9.859809	-0.180557	1.55731
H	-8.814338	-1.480291	0.970355

