6a
N	6.7e-05		-3.982947	0.000364
C	1.5e-05		-2.821005	0.000192
C	-1.6e-05	-1.390658	4.9e-05
C	-1.232761	-0.705399	0.0005
N	-2.427774	-1.444567	-0.02059
C	-2.913388	-2.13625	-1.151677
C	-2.249989	-2.481279	-2.325571
C	-2.992166	-3.113435	-3.322662
C	-4.356903	-3.392566	-3.149896
C	-5.010292	-3.041883	-1.971052
C	-4.289078	-2.403747	-0.959378
C	-4.656072	-1.860772	0.33496
C	-5.850494	-1.813815	1.058248
C	-5.858553	-1.199553	2.308582
C	-4.682774	-0.658768	2.851984
C	-3.47777	-0.705756	2.153881
C	-3.490657	-1.281373	0.887912
C	-1.232737	0.705471	-0.000583
N	-2.427725	1.444702	0.02049
C	-2.913319	2.136362	1.151597
C	-2.24987	2.481449	2.325449
C	-2.992061	3.113432	3.322638
C	-4.356861	3.392347	3.150005
C	-5.010289	3.041639	1.971191
C	-4.289056	2.403689	0.95941
C	-4.656074	1.860747	-0.334937
C	-5.850514	1.813787	-1.058191
C	-5.858577	1.199641	-2.30858
C	-4.682778	0.658976	-2.85207
C	-3.47777	0.705928	-2.15398
C	-3.490639	1.281442	-0.887962
C	9e-06		1.390711	-0.000101
C	4.9e-05		2.821059	-0.000133
N	6.2e-05		3.983001	-0.000139
C	1.23276		0.705436	0.000435
N	2.427797	1.444606	-0.020843
C	2.913388	2.13594		-1.152138
C	2.249947	2.480688	-2.326096
C	2.992115	3.112495	-3.323411
C	4.356884	3.391574	-3.150796
C	5.010306	3.041201	-1.97188
C	4.2891		2.403433	-0.959963
C	4.656104	1.860837	0.334529
C	5.85053		1.814091	1.05783
C	5.858595	1.200217	2.30835
C	4.682811	0.659601	2.851925
C	3.477807	0.706396	2.153823
C	3.49067		1.281649	0.887683
C	1.232741	-0.705408	-0.000464
N	2.427752	-1.444614	0.020836
C	2.913316	-2.135956	1.152132
C	2.249833	-2.480736	2.326058
C	2.991975	-3.112539	3.323393
C	4.356756	-3.391591	3.150822
C	5.010211	-3.041219	1.971924
C	4.289034	-2.403443	0.959992
C	4.656046	-1.860906	-0.334523
C	5.850488	-1.814166	-1.057796
C	5.858576	-1.200323	-2.308332
C	4.682805	-0.659701	-2.85193
C	3.477793	-0.706444	-2.153833
C	3.49063		-1.281704	-0.887698
H	-1.196386	-2.26778	-2.468645
H	-2.499014	-3.398514	-4.24711
H	-4.906332	-3.888991	-3.943944
H	-6.068992	-3.247639	-1.842575
H	-6.758047	-2.247363	0.648371
H	-6.782853	-1.146889	2.875909
H	-4.707252	-0.186707	3.828999
H	-2.57208	-0.28961	2.578424
H	-1.196225	2.268089	2.468428
H	-2.498877	3.398541	4.24706
H	-4.906299	3.88864		3.944129
H	-6.069022	3.247277	1.842795
H	-6.758075	2.247261	-0.648252
H	-6.782886	1.146991	-2.875893
H	-4.707266	0.187002	-3.829126
H	-2.572058	0.289887	-2.578596
H	1.19632		2.267219	-2.469045
H	2.498941	3.397345	-4.247919
H	4.906311	3.887705	-3.945028
H	6.069022	3.246944	-1.843516
H	6.758087	2.247486	0.647799
H	6.782893	1.147729	2.875697
H	4.707304	0.187839	3.829084
H	2.572112	0.29039		2.578492
H	1.196196	-2.267284	2.468963
H	2.498776	-3.397399	4.247885
H	4.906161	-3.887741	3.945059
H	6.06893		-3.246966	1.84359
H	6.75803		-2.247578	-0.647749
H	6.782885	-1.147846	-2.875661
H	4.707311	-0.187952	-3.829094
H	2.57211		-0.290409	-2.578516

