7b
C	6.063959	5.134289	0.500951
C	6.23312		3.877755	1.38252
C	7.653899	3.330812	1.168148
C	6.088779	4.270924	2.868879
C	5.153456	2.849211	1.017791
C	3.791023	3.197705	1.159308
C	2.750865	2.32906		0.846367
C	3.083676	1.062107	0.36537
C	4.435869	0.671483	0.231158
C	5.458919	1.568706	0.553976
C	4.434741	-0.700843	-0.236153
C	5.44896		-1.599119	-0.565789
C	5.140296	-2.883813	-1.02887
C	6.278459	-3.853847	-1.380661
C	7.147206	-3.240566	-2.500316
C	7.151031	-4.09465	-0.129626
C	5.758908	-5.215585	-1.870457
C	3.781624	-3.231957	-1.160966
C	2.743497	-2.35691	-0.839691
C	3.078667	-1.092622	-0.362674
N	2.259093	-0.014163	0.004185
C	0.849983	-0.011238	0.004318
C	0.142041	-1.06842	0.5938
C	-1.246304	-1.067099	0.584666
C	-1.957013	-0.006646	0.002743
C	-3.433359	-0.004715	0.001015
N	-4.062994	-1.050571	0.558589
C	-5.403796	-1.004999	0.534998
C	-6.146085	-2.13256	1.139878
C	-5.453827	-3.206878	1.71788
C	-6.15413	-4.266582	2.28682
C	-7.550908	-4.265377	2.284817
C	-8.245568	-3.198313	1.71056
C	-7.548736	-2.136768	1.140738
N	-6.114158	-0.001725	-0.003108
C	-5.39991	1.000007	-0.538933
C	-6.137827	2.12907		-1.146366
C	-7.540455	2.136239	-1.151827
C	-8.233173	3.199064	-1.724275
C	-7.534385	4.264472	-2.296595
C	-6.137609	4.262736	-2.294003
C	-5.441415	3.201741	-1.722431
N	-4.058946	1.042635	-0.558328
C	-1.242233	1.05165		-0.578094
C	0.146121	1.048399	-0.585709
H	6.167487	4.880554	-0.559794
H	5.081908	5.597542	0.639607
H	6.825688	5.882663	0.750853
H	8.388742	4.0974		1.437087
H	7.84796		2.451474	1.79221
H	7.828265	3.055486	0.122131
H	6.209107	3.394526	3.51514
H	6.851572	5.008795	3.145356
H	5.108066	4.709201	3.079361
H	3.533383	4.184466	1.531521
H	1.71838		2.630076	0.984011
H	6.489126	1.25036		0.443423
H	6.48457		-1.287517	-0.464853
H	7.969164	-3.917821	-2.762121
H	6.549792	-3.061845	-3.401078
H	7.585142	-2.284929	-2.195023
H	6.556692	-4.533018	0.679634
H	7.973616	-4.781663	-0.362415
H	7.588088	-3.163141	0.243971
H	5.152886	-5.716898	-1.107719
H	6.60568		-5.869996	-2.10449
H	5.155164	-5.116813	-2.779311
H	3.513787	-4.215003	-1.52901
H	1.71016		-2.657977	-0.970655
H	0.68863		-1.873218	1.07284
H	-1.800594	-1.878009	1.042138
H	-4.370295	-3.193348	1.711633
H	-5.611128	-5.094986	2.732723
H	-8.096255	-5.093304	2.729336
H	-9.331803	-3.194615	1.70744
H	-8.073153	-1.301708	0.691395
H	-8.068102	1.302406	-0.70399
H	-9.319418	3.19764		-1.72475
H	-8.076524	5.093381	-2.743204
H	-5.591401	5.08983		-2.738422
H	-4.35794	3.185894	-1.712684
H	-1.793366	1.864202	-1.036468
H	0.695743	1.851151	-1.064778

