7c
C	5.752202	-4.778554	0.780404
C	6.448821	-3.583077	0.58973
C	5.753983	-2.392744	0.395011
C	4.351548	-2.386639	0.389254
C	3.61074		-1.12173	0.182582
N	4.32517		-0.0		-1e-06
C	3.61074		1.12173		-0.182583
C	4.351548	2.386638	-0.389255
C	5.753983	2.392744	-0.395009
C	6.448821	3.583077	-0.589728
C	5.752202	4.778554	-0.780403
C	4.355421	4.778507	-0.775498
C	3.657363	3.590097	-0.581176
N	2.27156		1.17165		-0.188851
C	1.639848	-0.0		-1e-06
C	0.169398	-0.0		-1e-06
C	-0.54948	-1.186938	0.215557
C	-1.935277	-1.19052	0.221546
C	-2.652552	-0.0		-0.0
N	-4.058695	0.0		0.0
C	-4.781658	1.133787	0.459871
C	-5.896102	1.593577	-0.254386
C	-6.61642	2.69266		0.207309
C	-6.227289	3.355821	1.372656
C	-5.112861	2.901318	2.080554
C	-4.397907	1.791546	1.636577
C	-4.781658	-1.133787	-0.459871
C	-5.896103	-1.593577	0.254386
C	-6.61642	-2.692659	-0.207308
C	-6.22729	-3.35582	-1.372655
C	-5.112862	-2.901318	-2.080553
C	-4.397908	-1.791546	-1.636577
C	-1.935277	1.19052		-0.221546
C	-0.54948	1.186937	-0.215559
N	2.27156		-1.17165	0.18885
C	3.657363	-3.590098	0.581174
C	4.355421	-4.778507	0.775497
H	6.295869	-5.706977	0.932284
H	7.535132	-3.579668	0.59298
H	6.279731	-1.45701	0.245682
H	6.279731	1.45701		-0.24568
H	7.535132	3.579668	-0.592976
H	6.295869	5.706977	-0.932282
H	3.810592	5.706608	-0.923459
H	2.573838	3.573216	-0.574474
H	-3.5e-05	-2.10395	0.393802
H	-2.476234	-2.112231	0.403674
H	-6.190622	1.082681	-1.165041
H	-7.478749	3.039362	-0.355183
H	-6.786913	4.216628	1.72606
H	-4.804784	3.403267	2.993415
H	-3.539985	1.428896	2.192928
H	-6.190621	-1.08268	1.165042
H	-7.478749	-3.039362	0.355185
H	-6.786914	-4.216627	-1.726059
H	-4.804785	-3.403267	-2.993415
H	-3.539986	-1.428896	-2.192928
H	-2.476234	2.112231	-0.403675
H	-3.5e-05	2.10395		-0.393803
H	2.573838	-3.573217	0.57447
H	3.810592	-5.706609	0.923457

