7d
C	-6.056316	4.907281	2.310318
C	-5.519087	4.903996	0.862483
C	-4.564085	6.101805	0.667542
C	-6.710757	5.078375	-0.093096
C	-4.755195	3.59903		0.606609
C	-5.118261	2.683067	-0.387896
C	-4.396549	1.509697	-0.602587
C	-3.287875	1.205385	0.19156
N	-2.565268	-0.001755	-0.008991
C	-1.161124	-0.004304	-0.009561
C	-0.444467	-1.1318		0.435747
C	0.940907	-1.130847	0.431285
C	1.662685	-0.00815	-0.006496
C	3.132132	-0.009959	-0.004345
N	3.762723	-1.124379	0.406959
C	5.101646	-1.077899	0.393333
C	5.840436	-2.280412	0.840927
C	5.144274	-3.423607	1.259768
C	5.840333	-4.553199	1.680436
C	7.237103	-4.553999	1.687689
C	7.935674	-3.418371	1.271636
C	7.24281		-2.286979	0.850204
N	5.818401	-0.013083	-2e-05
C	5.105392	1.053398	-0.395701
C	5.848406	2.25424		-0.840779
C	7.250814	2.257587	-0.845473
C	7.947647	3.387454	-1.26445
C	7.253048	4.524751	-1.682589
C	5.856263	4.527156	-1.679907
C	5.156242	3.399097	-1.261708
N	3.766647	1.102973	-0.41366
C	0.945085	1.116202	-0.446264
C	-0.440446	1.120833	-0.454006
C	-3.293101	-1.204029	-0.220599
C	-2.927283	-2.09778	-1.23088
C	-3.649924	-3.273531	-1.42863
C	-4.768611	-3.590205	-0.648521
C	-5.592375	-4.86863	-0.8462
C	-5.046587	-5.742943	-1.986859
C	-7.051147	-4.490084	-1.183066
C	-5.566166	-5.700125	0.454894
C	-5.127768	-2.672837	0.352954
C	-4.406302	-1.506548	0.574582
C	-2.917041	2.103377	1.201732
C	-3.634675	3.277673	1.390895
H	-6.601272	5.836955	2.513074
H	-6.740114	4.066895	2.472911
H	-5.247137	4.827276	3.043154
H	-4.171211	6.12312		-0.354924
H	-5.092103	7.04501		0.851816
H	-3.711713	6.055837	1.352781
H	-7.224227	6.020654	0.126553
H	-7.440832	4.268943	0.017027
H	-6.38955	5.11158		-1.139997
H	-5.972217	2.880649	-1.025348
H	-4.695026	0.821497	-1.386644
H	-0.986517	-2.001314	0.789704
H	1.488493	-1.997687	0.782549
H	4.060784	-3.406934	1.248075
H	5.293865	-5.434804	2.003389
H	7.77919		-5.436448	2.016412
H	9.022003	-3.415568	1.276018
H	7.770045	-1.398054	0.524407
H	7.774941	1.367408	-0.51809
H	9.033975	3.382159	-1.265277
H	7.79823		5.40601		-2.009379
H	5.312875	5.410066	-2.004489
H	4.072685	3.384921	-1.253552
H	1.495765	1.981498	-0.796501
H	-0.979153	1.991554	-0.810091
H	-2.072093	-1.871981	-1.859504
H	-3.3314		-3.940423	-2.221337
H	-4.017956	-6.066515	-1.793301
H	-5.066133	-5.215693	-2.947026
H	-5.663661	-6.642103	-2.089457
H	-7.657293	-5.393051	-1.323252
H	-7.09645	-3.900407	-2.105293
H	-7.510838	-3.898882	-0.38468
H	-4.5403		-5.984362	0.713735
H	-5.982736	-5.143229	1.300235
H	-6.155862	-6.616655	0.334007
H	-5.985239	-2.876416	0.987552
H	-4.701056	-0.819748	1.361252
H	-2.063693	1.875126	1.831922
H	-3.319115	3.9518		2.181681

