7e
Cl	1.715812	-4.836956	-6.293825
C	1.21245		-3.413112	-5.397311
C	0.406022	-3.558966	-4.26933
C	0.0		-2.428349	-3.567188
C	0.412696	-1.151491	-3.972977
N	-0.0		0.0		-3.255546
C	-0.412696	1.151491	-3.972977
C	-1.230472	1.02526		-5.104343
C	-1.623208	2.150644	-5.822559
C	-1.21245	3.413112	-5.397311
Cl	-1.715812	4.836956	-6.293825
C	-0.406022	3.558966	-4.26933
C	-0.0		2.428349	-3.567188
C	-0.0		0.0		-1.844812
C	-0.992568	0.693814	-1.1309
C	-0.985443	0.696512	0.25571
C	0.0		-0.0		0.972718
C	0.0		-0.0		2.445745
N	0.955229	-0.704112	3.07493
C	0.91607		-0.673589	4.415155
C	1.9486		-1.431843	5.155693
C	1.955953	-1.432677	6.558268
C	2.928001	-2.146402	7.253288
C	3.901674	-2.866012	6.55687
C	3.899202	-2.86892	5.160084
C	2.928815	-2.156332	4.4617
N	0.0		-0.0		5.128218
C	-0.91607	0.673589	4.415155
C	-1.9486		1.431843	5.155693
C	-2.928815	2.156332	4.4617
C	-3.899202	2.86892		5.160084
C	-3.901674	2.866012	6.55687
C	-2.928001	2.146402	7.253288
C	-1.955953	1.432677	6.558268
N	-0.955229	0.704112	3.07493
C	0.985443	-0.696512	0.25571
C	0.992568	-0.693814	-1.1309
C	1.230472	-1.02526	-5.104343
C	1.623208	-2.150644	-5.822559
H	0.085795	-4.545779	-3.953861
H	-0.638566	-2.532068	-2.696688
H	-1.555999	0.040328	-5.421153
H	-2.256222	2.050872	-6.69732
H	-0.085795	4.545779	-3.953861
H	0.638566	2.532068	-2.696688
H	-1.76844	1.223192	-1.672828
H	-1.754158	1.226251	0.805999
H	1.193881	-0.869592	7.084039
H	2.927219	-2.142222	8.339547
H	4.659788	-3.422727	7.100765
H	4.655021	-3.427712	4.615582
H	2.913394	-2.148918	3.378184
H	-2.913394	2.148918	3.378184
H	-4.655021	3.427712	4.615582
H	-4.659788	3.422727	7.100765
H	-2.927219	2.142222	8.339547
H	-1.193881	0.869592	7.084039
H	1.754158	-1.226251	0.805999
H	1.76844		-1.223192	-1.672828
H	1.555999	-0.040328	-5.421153
H	2.256222	-2.050872	-6.69732

