7f
Br	5.636947	5.170586	1.00376
C	4.664943	3.557819	0.688975
C	3.533636	3.276342	1.452701
C	2.832713	2.0953		1.228369
C	3.244719	1.20174		0.229532
N	2.528313	0.0		-0.0
C	3.244719	-1.20174	-0.229532
C	4.38031		-1.50616	0.534038
C	5.096139	-2.67668	0.300732
C	4.664943	-3.557819	-0.688975
Br	5.636948	-5.170586	-1.00376
C	3.533637	-3.276342	-1.452701
C	2.832713	-2.0953		-1.228369
C	1.117143	-0.0		-0.0
C	0.403608	1.097626	-0.511722
C	-0.983024	1.096395	-0.504372
C	-1.699873	-0.0		-0.0
C	-3.173022	-0.0		-0.0
N	-3.802157	-1.085973	0.478316
C	-5.142374	-1.039868	0.459961
C	-5.882903	-2.210929	0.979254
C	-7.285479	-2.215056	0.985671
C	-7.980556	-3.317257	1.474872
C	-7.284109	-4.425617	1.96209
C	-5.887326	-4.427222	1.958045
C	-5.188918	-3.326809	1.469719
N	-5.855397	-0.0		-0.0
C	-5.142374	1.039867	-0.459962
C	-5.882903	2.210929	-0.979254
C	-7.285479	2.215056	-0.985671
C	-7.980556	3.317257	-1.474872
C	-7.284109	4.425617	-1.962089
C	-5.887326	4.427221	-1.958045
C	-5.188918	3.326808	-1.469719
N	-3.802157	1.085973	-0.478316
C	-0.983024	-1.096395	0.504372
C	0.403608	-1.097627	0.511722
C	4.380309	1.506161	-0.534038
C	5.096139	2.67668		-0.300732
H	3.212884	3.965618	2.225607
H	1.959122	1.862		1.827361
H	4.701823	-0.820914	1.310946
H	5.973788	-2.909875	0.892961
H	3.212884	-3.965618	-2.225607
H	1.959122	-1.862		-1.827361
H	0.945896	1.944309	-0.917946
H	-1.533451	1.939772	-0.904518
H	-7.811176	-1.347607	0.604284
H	-9.066808	-3.313139	1.476708
H	-7.828026	-5.285318	2.343645
H	-5.342958	-5.28782	2.33622
H	-4.10539	-3.312874	1.459716
H	-7.811176	1.347607	-0.604284
H	-9.066808	3.313139	-1.476707
H	-7.828027	5.285318	-2.343644
H	-5.342958	5.28782		-2.33622
H	-4.10539	3.312874	-1.459717
H	-1.533451	-1.939772	0.904518
H	0.945896	-1.944309	0.917946
H	4.701823	0.820914	-1.310946
H	5.973788	2.909875	-0.892961

