7i
C	-6.044699	-4.838226	-0.001377
C	-4.647994	-4.823183	-0.001439
C	-3.962586	-3.611933	-0.001078
C	-4.670046	-2.400623	-0.000658
C	-3.944102	-1.112468	-0.000283
N	-4.667017	0.017591	5.2e-05
C	-3.968049	1.162842	0.000417
C	-4.720846	2.435316	0.000766
C	-6.123635	2.42709		0.000489
C	-6.830676	3.625796	0.000814
C	-6.146253	4.843446	0.00143
C	-4.749542	4.857742	0.001715
C	-4.038836	3.661164	0.00138
N	-2.626622	1.225038	0.000464
C	-1.989108	0.045951	0.000137
C	-0.508285	0.0613		0.000178
C	0.187643	1.278017	0.000438
C	1.579215	1.291317	0.000477
C	2.28955		0.090368	0.000257
N	3.722842	0.134138	0.000189
C	4.390748	-0.058861	-1.236071
C	3.714531	-0.524548	-2.372837
C	4.387414	-0.698163	-3.582142
C	5.752272	-0.439477	-3.678313
C	6.437039	0.017275	-2.552517
C	5.762627	0.234117	-1.351477
S	6.622487	1.005621	0.000346
C	5.763014	0.232274	1.351367
C	6.437794	0.013832	2.551909
C	5.753361	-0.444334	3.677334
C	4.38845		-0.702769	3.581268
C	3.715191	-0.527546	2.372403
C	4.39108		-0.060497	1.236003
C	1.601316	-1.128695	-3.7e-05
C	0.211309	-1.14318	-6.2e-05
N	-2.601635	-1.14653	-0.00024
C	-6.072672	-2.421886	-0.000599
C	-6.754438	-3.635174	-0.000955
H	-6.578387	-5.784566	-0.001657
H	-4.09353	-5.757208	-0.001768
H	-2.879321	-3.584191	-0.001119
H	-6.640109	1.474471	1.6e-05
H	-7.916786	3.611845	0.000586
H	-6.699656	5.778395	0.001686
H	-4.214755	5.803147	0.002199
H	-2.955235	3.656216	0.001591
H	-0.376406	2.20301		0.000611
H	2.131105	2.225494	0.000677
H	2.655394	-0.74105	-2.31704
H	3.833317	-1.049298	-4.447718
H	6.280885	-0.585918	-4.615037
H	7.500497	0.231879	-2.602586
H	7.501278	0.228319	2.601921
H	6.282265	-0.592025	4.613696
H	3.834592	-1.054953	4.446572
H	2.656009	-0.743842	2.316698
H	2.165899	-2.055929	-0.000272
H	-0.33496	-2.078832	-0.00029
H	-6.608971	-1.480288	-0.000269
H	-7.840599	-3.64396	-0.000903

