8a
O	-1.9e-05	-3.811674	3e-06
C	-1.3e-05	-2.584489	-0.000101
C	1.294025	-1.838046	-0.032068
C	1.462166	-0.568332	0.539892
C	2.708514	0.049506	0.542763
C	3.806019	-0.583185	-0.054248
N	5.064962	0.051233	-0.072903
C	5.310311	1.372163	-0.475939
C	4.42565		2.328527	-0.976932
C	4.948453	3.570488	-1.332608
C	6.31776		3.854102	-1.20116
C	7.197514	2.889339	-0.718704
C	6.698571	1.634991	-0.355341
C	7.316738	0.424118	0.144999
C	8.630932	0.083313	0.47864
C	8.894876	-1.190967	0.972363
C	7.855561	-2.119935	1.14494
C	6.537352	-1.805609	0.819853
C	6.28296		-0.53281	0.306472
C	3.647		-1.853731	-0.628218
C	2.408691	-2.478391	-0.595193
C	-1.294032	-1.838022	0.031802
C	-2.408709	-2.478288	0.594997
C	-3.647007	-1.853606	0.627972
C	-3.80601	-0.58311	0.053883
N	-5.064916	0.051373	0.072498
C	-5.310211	1.372275	0.47569
C	-4.425446	2.328676	0.976426
C	-4.948209	3.570595	1.33231
C	-6.317572	3.854136	1.201308
C	-7.197424	2.889336	0.719105
C	-6.698523	1.635026	0.355553
C	-7.31679	0.424131	-0.144611
C	-8.631074	0.083272	-0.477844
C	-8.895113	-1.191007	-0.971517
C	-7.855806	-2.119916	-1.144457
C	-6.537508	-1.80553	-0.819793
C	-6.283014	-0.532735	-0.306446
C	-2.708493	0.049498	-0.543201
C	-1.462157	-0.568361	-0.540281
H	0.62556		-0.077281	1.02487
H	2.845433	1.011192	1.024891
H	3.369784	2.112987	-1.095703
H	4.27964		4.332111	-1.722979
H	6.692229	4.832925	-1.485087
H	8.258985	3.103201	-0.630288
H	9.431979	0.807364	0.358808
H	9.911411	-1.469204	1.233465
H	8.0794		-3.105019	1.543862
H	5.739435	-2.523679	0.971586
H	4.49493		-2.331714	-1.106408
H	2.27543		-3.467789	-1.019326
H	-2.275463	-3.467646	1.019229
H	-4.494935	-2.331535	1.106216
H	-3.36953	2.1132		1.094864
H	-4.279313	4.332241	1.722494
H	-6.692006	4.832931	1.485381
H	-8.258936	3.103136	0.631032
H	-9.432117	0.807283	-0.357739
H	-9.911718	-1.469288	-1.232299
H	-8.079723	-3.105		-1.543336
H	-5.739603	-2.523553	-0.971811
H	-2.845401	1.011131	-1.025435
H	-0.625548	-0.077371	-1.025316

