8b
O	4.6e-05		0.001562	3.714899
C	5.3e-05		0.001604	2.484969
C	1.292416	-0.02151	1.740279
C	1.442906	-0.591885	0.467043
C	2.684194	-0.639837	-0.155254
C	3.82086		-0.116844	0.484127
N	5.080233	-0.156349	-0.143737
C	6.024028	0.884374	0.066686
C	7.375062	0.576742	0.276811
C	8.303086	1.598269	0.464135
C	7.896823	2.934011	0.462326
C	6.549638	3.239973	0.260065
C	5.617756	2.225888	0.05255
C	5.425266	-1.235774	-1.000766
C	5.138084	-2.556655	-0.629792
C	5.479763	-3.609219	-1.47549
C	6.128095	-3.362851	-2.687395
C	6.424771	-2.047918	-3.050861
C	6.069595	-0.987716	-2.220236
C	3.679008	0.439936	1.769469
C	2.43761		0.475767	2.383179
C	-1.292327	0.023802	1.740279
C	-1.44304	0.59335		0.4667
C	-2.684362	0.64051		-0.15559
C	-3.820834	0.117515	0.484131
N	-5.080236	0.156215	-0.143725
C	-5.425662	1.235011	-1.001387
C	-6.069934	0.986006	-2.220694
C	-6.425497	2.045591	-3.05194
C	-6.129268	3.360842	-2.689263
C	-5.480992	3.608154	-1.47752
C	-5.138928	2.556211	-0.631205
C	-6.02367	-0.884708	0.067339
C	-5.616938	-2.22609	0.053991
C	-6.548466	-3.240371	0.262133
C	-7.895751	-2.934751	0.464245
C	-8.302472	-1.599148	0.46527
C	-7.374804	-0.577414	0.277316
C	-3.67876	-0.438446	1.769803
C	-2.437335	-0.473485	2.383502
H	0.583515	-1.017476	-0.039765
H	2.781968	-1.084121	-1.139361
H	7.687224	-0.462194	0.288799
H	9.347395	1.346325	0.625951
H	8.621786	3.727581	0.616269
H	6.221467	4.275544	0.248562
H	4.573011	2.46346		-0.118113
H	4.646996	-2.747678	0.318612
H	5.25109		-4.628384	-1.176751
H	6.400212	-4.186583	-3.340454
H	6.92463		-1.842385	-3.993289
H	6.290384	0.035556	-2.505227
H	4.552446	0.830879	2.279386
H	2.330482	0.878216	3.384953
H	-0.583809	1.018933	-0.040384
H	-2.782312	1.084173	-1.139961
H	-6.290376	-0.037513	-2.505072
H	-6.925307	1.839325	-3.994235
H	-6.401685	4.184092	-3.342805
H	-5.252665	4.627575	-1.179392
H	-4.647884	2.747968	0.317074
H	-4.572115	-2.463404	-0.116557
H	-6.219939	-4.275836	0.251237
H	-8.620438	-3.728478	0.618678
H	-9.346863	-1.347467	0.626962
H	-7.687322	0.461422	0.288694
H	-4.552054	-0.829378	2.279978
H	-2.330049	-0.87529	3.385518

