8c
C	-1.846853	10.224517	2.663362
C	-2.210162	9.616264	1.291197
C	-1.925272	10.650677	0.180537
C	-3.716111	9.307024	1.285711
C	-1.358787	8.363732	1.049536
C	-1.909169	7.091879	0.850111
C	-1.108339	5.973518	0.623526
C	0.284597	6.090548	0.611786
N	1.111982	4.959107	0.381665
C	0.837552	3.730918	1.009504
C	1.132868	2.514864	0.369345
C	0.851841	1.305287	0.992007
C	0.267326	1.264317	2.267223
C	0.0		0.0		3.011692
O	0.0		0.0		4.242071
C	-0.267326	-1.264317	2.267223
C	-0.0		-2.483397	2.911287
C	-0.268666	-3.695621	2.297424
C	-0.837552	-3.730918	1.009504
N	-1.111982	-4.959107	0.381665
C	-0.284597	-6.090548	0.611786
C	-0.854034	-7.354558	0.815974
C	-0.042134	-8.463022	1.021084
C	1.358787	-8.363732	1.049536
C	2.210162	-9.616264	1.291197
C	1.846853	-10.224517	2.663362
C	1.925272	-10.650677	0.180537
C	3.716111	-9.307024	1.285711
C	1.909169	-7.091879	0.850111
C	1.108339	-5.973518	0.623526
C	-2.216555	-5.089625	-0.502109
C	-3.46667	-4.557055	-0.174049
C	-4.543082	-4.691331	-1.049638
C	-4.422617	-5.375135	-2.265598
C	-5.588418	-5.551005	-3.246487
C	-6.881642	-4.893053	-2.738449
C	-5.218828	-4.90748	-4.600823
C	-5.86102	-7.057017	-3.452334
C	-3.162034	-5.914256	-2.57112
C	-2.074946	-5.771923	-1.717771
C	-1.132868	-2.514864	0.369345
C	-0.851841	-1.305287	0.992007
C	0.0		2.483397	2.911287
C	0.268666	3.695621	2.297424
C	2.216555	5.089625	-0.502109
C	2.074946	5.771923	-1.717771
C	3.162034	5.914256	-2.57112
C	4.422617	5.375135	-2.265598
C	5.588418	5.551005	-3.246487
C	6.881642	4.893053	-2.738449
C	5.218828	4.90748		-4.600823
C	5.86102		7.057017	-3.452334
C	4.543082	4.691331	-1.049638
C	3.46667		4.557055	-0.174049
C	0.854034	7.354558	0.815974
C	0.042134	8.463022	1.021084
H	-0.78992	10.504555	2.715267
H	-2.442225	11.126033	2.851103
H	-2.043969	9.509567	3.469661
H	-2.522097	11.556647	0.340146
H	-0.870736	10.943628	0.160847
H	-2.17817	10.242855	-0.804375
H	-4.04241	8.896605	0.323708
H	-4.282027	10.228031	1.462678
H	-3.986628	8.594681	2.072861
H	-2.984484	6.956469	0.85413
H	-1.563937	5.002456	0.459349
H	1.584386	2.526269	-0.616164
H	1.105175	0.381144	0.483752
H	0.411947	-2.454339	3.914544
H	-0.052391	-4.62688	2.808873
H	-1.934019	-7.459275	0.80904
H	-0.51714	-9.427261	1.176382
H	0.78992		-10.504555	2.715267
H	2.442225	-11.126033	2.851103
H	2.043969	-9.509567	3.469661
H	2.522097	-11.556647	0.340146
H	0.870736	-10.943628	0.160847
H	2.17817		-10.242855	-0.804375
H	3.986628	-8.594681	2.072861
H	4.282027	-10.228031	1.462678
H	4.04241		-8.896605	0.323708
H	2.984484	-6.956469	0.85413
H	1.563937	-5.002456	0.459349
H	-3.59297	-4.03322	0.767869
H	-5.494301	-4.261646	-0.757745
H	-6.758626	-3.813758	-2.596116
H	-7.212911	-5.329249	-1.789633
H	-7.683065	-5.042311	-3.470072
H	-5.023763	-3.836059	-4.481438
H	-4.324163	-5.364228	-5.035827
H	-6.039523	-5.028796	-5.317896
H	-4.985012	-7.575803	-3.854511
H	-6.689431	-7.202594	-4.155902
H	-6.128405	-7.536486	-2.504245
H	-3.016852	-6.449236	-3.505042
H	-1.109992	-6.190976	-1.983664
H	-1.584386	-2.526269	-0.616164
H	-1.105175	-0.381144	0.483752
H	-0.411947	2.454339	3.914544
H	0.052391	4.62688		2.808873
H	1.109992	6.190976	-1.983664
H	3.016852	6.449236	-3.505042
H	6.758626	3.813758	-2.596116
H	7.212911	5.329249	-1.789633
H	7.683065	5.042311	-3.470072
H	5.023763	3.836059	-4.481438
H	4.324163	5.364228	-5.035827
H	6.039523	5.028796	-5.317896
H	6.689431	7.202594	-4.155902
H	4.985012	7.575803	-3.854511
H	6.128405	7.536486	-2.504245
H	5.494301	4.261646	-0.757745
H	3.59297		4.03322		0.767869
H	1.934019	7.459275	0.80904
H	0.51714		9.427261	1.176382

