8f
O	-0.227914	-3.480402	-2.395757
C	-0.161762	-2.46901	-1.700506
C	1.169544	-1.910442	-1.321886
C	2.270052	-2.782296	-1.298032
C	3.543335	-2.322206	-1.003184
C	3.759491	-0.958008	-0.735721
N	5.054168	-0.484233	-0.43603
C	5.953283	-1.280563	0.317771
C	5.50535		-1.991925	1.43977
C	6.387418	-2.774672	2.178641
C	7.729614	-2.831184	1.807755
Br	8.945148	-3.892211	2.827705
C	8.195537	-2.122074	0.702278
C	7.305281	-1.35647	-0.044791
C	5.46915		0.79728		-0.880094
C	6.186183	1.644875	-0.024448
C	6.609626	2.896645	-0.46146
C	6.299279	3.31177		-1.754991
Br	6.866364	5.033409	-2.353742
C	5.580893	2.48575		-2.617667
C	5.17676		1.227363	-2.18204
C	2.668841	-0.075093	-0.781023
C	1.395026	-0.548339	-1.072329
C	-1.412662	-1.80184	-1.236672
C	-2.581292	-1.988766	-1.992545
C	-3.786067	-1.427342	-1.601349
C	-3.867902	-0.687208	-0.407549
N	-5.09277	-0.121266	0.002378
C	-5.115746	1.12344		0.681446
C	-4.309456	2.185153	0.247383
C	-4.329332	3.40623		0.914494
C	-5.174628	3.57534		2.009716
Br	-5.213862	5.253189	2.919133
C	-5.991992	2.535493	2.448421
C	-5.953992	1.310241	1.789266
C	-6.315326	-0.796105	-0.246912
C	-7.439351	-0.082246	-0.684819
C	-8.646584	-0.735812	-0.913394
C	-8.726823	-2.113766	-0.721284
Br	-10.377512	-3.015599	-1.04567
C	-7.617527	-2.841554	-0.294584
C	-6.418069	-2.180027	-0.048446
C	-2.711845	-0.526205	0.373151
C	-1.502131	-1.066718	-0.044615
H	2.10295		-3.828174	-1.532514
H	4.383054	-3.008286	-0.987656
H	4.46206		-1.931561	1.730149
H	6.038354	-3.32431	3.045486
H	9.24053		-2.179399	0.419352
H	7.657268	-0.811693	-0.91417
H	6.412991	1.318446	0.984799
H	7.163866	3.550615	0.202247
H	5.353847	2.816211	-3.624953
H	4.629552	0.572365	-2.851438
H	2.826357	0.980352	-0.588796
H	0.570388	0.154528	-1.11938
H	-2.516074	-2.573622	-2.903881
H	-4.673027	-1.555086	-2.212077
H	-3.665404	2.049317	-0.614714
H	-3.705353	4.225967	0.576688
H	-6.640857	2.677138	3.305313
H	-6.578035	0.491752	2.131524
H	-7.364617	0.988145	-0.84377
H	-9.5146		-0.181644	-1.252193
H	-7.694376	-3.912025	-0.141277
H	-5.553844	-2.737121	0.296815
H	-2.771455	0.015506	1.310617
H	-0.627926	-0.951568	0.587043

