9b
C	-7.279913	-0.03951	0.331286
C	-6.173582	-0.940033	-0.242457
C	-5.977396	-2.13088	0.720251
C	-6.643318	-1.466532	-1.616034
C	-4.842106	-0.193715	-0.415774
C	-4.696307	1.169931	-0.100935
C	-3.491541	1.857649	-0.268796
C	-2.40535	1.15245		-0.770439
C	-2.507781	-0.224391	-1.082392
C	-3.723473	-0.88127	-0.907874
C	-1.188136	-0.667488	-1.497923
C	-0.663363	-1.903221	-1.868974
C	0.693501	-2.027317	-2.198435
C	1.271854	-3.415186	-2.508081
C	1.144994	-4.294274	-1.244236
C	2.757194	-3.35485	-2.899435
C	0.491894	-4.066263	-3.669429
C	1.488047	-0.865917	-2.202974
C	0.987246	0.38591		-1.847619
C	-0.338747	0.460953	-1.446911
N	-1.072684	1.568343	-0.982371
C	-0.518079	2.751627	-0.469325
C	-1.044692	3.97467		-0.893503
C	-0.523989	5.190747	-0.445803
C	-1.088129	6.417236	-0.916452
N	-1.564432	7.40265		-1.308688
C	0.573088	5.187076	0.447346
C	1.144919	6.40972		0.918639
N	1.627317	7.391968	1.31138
C	1.086192	3.967392	0.894119
C	0.551652	2.748056	0.469484
N	1.099922	1.561316	0.981946
C	2.429803	1.138452	0.767073
C	3.517873	1.833843	0.255309
C	4.715896	1.13623		0.080551
C	4.852885	-0.228231	0.397285
C	6.173595	-0.989411	0.208306
C	6.646218	-1.536819	1.572631
C	7.288005	-0.097893	-0.363743
C	5.953248	-2.166289	-0.766376
C	3.733844	-0.904764	0.902064
C	2.525379	-0.237288	1.08619
C	1.206868	-0.670003	1.510991
C	0.683669	-1.907157	1.89501
C	-0.670227	-2.026654	2.216872
C	-1.324601	-3.375982	2.540356
C	-2.351483	-3.69488	1.43138
C	-2.045315	-3.305568	3.903231
C	-0.302148	-4.522473	2.598626
C	-1.466989	-0.860855	2.203494
C	-0.968814	0.386491	1.845532
C	0.36267		0.458135	1.45069
H	-7.015186	0.348587	1.321154
H	-8.204859	-0.616295	0.437846
H	-7.49397	0.810395	-0.325847
H	-5.246705	-2.848603	0.335434
H	-6.923842	-2.664998	0.865492
H	-5.626339	-1.78668	1.699786
H	-7.590299	-2.009968	-1.514455
H	-5.910449	-2.148861	-2.058517
H	-6.796383	-0.639152	-2.317473
H	-5.541568	1.724982	0.286896
H	-3.417978	2.906221	-5.3e-05
H	-3.791581	-1.938379	-1.145763
H	-1.312793	-2.773123	-1.881282
H	1.561747	-5.292601	-1.424127
H	1.683853	-3.8393		-0.405997
H	0.100033	-4.4141		-0.940816
H	3.124635	-4.365112	-3.109907
H	2.915037	-2.749256	-3.798822
H	3.370691	-2.939457	-2.093772
H	0.566226	-3.456803	-4.576689
H	-0.570024	-4.184939	-3.431953
H	0.896714	-5.060964	-3.890584
H	2.534977	-0.928469	-2.471161
H	1.631884	1.256508	-1.856171
H	-1.8497		3.971622	-1.618873
H	1.89169		3.958601	1.618927
H	3.450044	2.881857	-0.01728
H	5.562574	1.68311		-0.315775
H	5.909563	-2.216674	2.01253
H	6.812655	-0.719243	2.282465
H	7.586699	-2.088921	1.458434
H	8.205112	-0.685126	-0.480759
H	7.515888	0.743408	0.299822
H	7.022818	0.30224		-1.348636
H	5.200672	-2.867692	-0.392306
H	6.886021	-2.724163	-0.911066
H	5.617333	-1.803812	-1.744241
H	3.795484	-1.961936	1.142893
H	1.337434	-2.770761	1.920609
H	-2.849609	-4.65195	1.628615
H	-3.118851	-2.918801	1.36381
H	-1.855382	-3.75691	0.456477
H	-2.515365	-4.268668	4.134591
H	-2.830464	-2.543273	3.912361
H	-1.337845	-3.068411	4.705381
H	0.457285	-4.347349	3.36893
H	-0.813658	-5.459966	2.84215
H	0.206224	-4.662945	1.639122
H	-2.518433	-0.92981	2.461395
H	-1.613205	1.25729		1.844543

