9c
N	1.554959	6.81983		-1.353434
C	1.087988	5.835368	-0.948603
C	0.534367	4.609848	-0.46254
C	1.040678	3.392026	-0.924445
C	0.52213		2.173666	-0.481813
N	1.067019	0.981224	-0.995703
C	0.320823	-0.113015	-1.466204
C	-0.999556	-0.152242	-1.903108
C	-1.524294	-1.384612	-2.281172
C	-0.723063	-2.535157	-2.243692
Cl	-1.438849	-4.076348	-2.689431
C	0.616369	-2.492553	-1.871205
C	1.147169	-1.260776	-1.483414
C	2.460185	-0.844078	-1.031105
C	3.650853	-1.536293	-0.80484
C	4.730023	-0.828521	-0.286139
Cl	6.240673	-1.670983	0.018889
C	4.648115	0.540074	0.008971
C	3.463836	1.24012		-0.21568
C	2.380936	0.539217	-0.740007
C	-0.522408	2.17359		0.481833
N	-1.067135	0.981069	0.995707
C	-2.380993	0.538893	0.74001
C	-3.463985	1.239663	0.215696
C	-4.648172	0.539465	-0.008963
C	-4.7299		-0.829146	0.286128
Cl	-6.240443	-1.671799	-0.018905
C	-3.650638	-1.536785	0.804817
C	-2.460061	-0.844415	1.031092
C	-1.146992	-1.260943	1.483404
C	-0.616031	-2.492652	1.871191
C	0.723403	-2.535081	2.243689
Cl	1.43939		-4.076179	2.689426
C	1.524483	-1.38443	2.28118
C	0.999586	-0.152128	1.90312
C	-0.320797	-0.113072	1.466209
C	-1.041141	3.39187		0.924467
C	-0.535001	4.609769	0.46258
C	-1.088801	5.835199	0.948669
N	-1.55596	6.819627	1.353369
H	1.827398	3.386174	-1.669843
H	-1.617305	0.736974	-1.93152
H	-2.558563	-1.461491	-2.595232
H	1.219054	-3.393657	-1.873345
H	3.733653	-2.598236	-1.006996
H	5.513912	1.051292	0.413873
H	3.398355	2.295152	0.027103
H	-3.398641	2.294708	-0.02707
H	-5.514038	1.050575	-0.413854
H	-3.733299	-2.59874	1.006961
H	-1.218597	-3.393836	1.873321
H	2.558759	-1.461175	2.595247
H	1.617218	0.73717		1.931536
H	-1.827866	3.3859		1.669859

