3a
N	-2.920788	-3.110319	1.497563
C	-2.338744	-2.228011	1.014772
C	-1.626753	-1.13297	0.435759
C	-2.337205	-0.000658	0.000123
N	-3.737199	-0.001086	0.000221
C	-4.556328	0.856506	0.755844
C	-4.194367	1.839086	1.673058
C	-5.221333	2.535689	2.307204
C	-6.569538	2.250593	2.03856
C	-6.919897	1.253298	1.132115
C	-5.908239	0.541707	0.481248
C	-5.907961	-0.54499	-0.480811
C	-6.919256	-1.257109	-1.131666
C	-6.568388	-2.254198	-2.03814
C	-5.220039	-2.538566	-2.306827
C	-4.193429	-1.841435	-1.672686
C	-4.555889	-0.859071	-0.755436
C	-1.627484	1.13208	        -0.43556
C	-2.340187	2.226763	-1.014372
N	-2.922845	3.108701	-1.4971
C	-0.215297	1.151334	-0.409262
N	0.450491	2.312554	-0.824659
C	0.388924	3.551163	-0.146353
C	-0.452067	3.953742	0.88757
C	-0.252161	5.224972	1.425388
C	0.761748	6.068077	0.946672
C	1.602822	5.652502	-0.082834
C	1.423079	4.382794	-0.63616
C	2.129862	3.634533	-1.658753
C	3.214044	3.929229	-2.489384
C	3.651605	2.965509	-3.39463
C	2.999901	1.726284	-3.494562
C	1.908005	1.417316	-2.686406
C	1.507537	2.36919		-1.754723
C	0.49879	        0.000143	-0.000106
N	1.901618	0.000584	-0.000296
C	2.72263		-0.877186	-0.730687
C	2.366596	-1.872748	-1.635526
C	3.394235	-2.594287	-2.240454
C	4.741354	-2.312488	-1.965933
C	5.088028	-1.289816	-1.085902
C	4.074651	-0.558679	-0.461402
C	4.074459	0.559627	0.461966
C	5.087594	1.290523	1.087137
C	4.740585	2.313148	1.967089
C	3.393349	2.595167	2.240815
C	2.365936	1.873876	1.635205
C	2.722326	0.878291	0.730528
C	-0.214567	-1.151443	0.409265
N	0.451862	-2.312255	0.824834
C	1.509332	-2.36796	1.754486
C	1.909118	-1.415813	2.686177
C	3.001722	-1.723694	3.493793
C	3.654741	-2.962184	3.393367
C	3.217826	-3.92626	2.488181
C	2.132965	-3.632618	1.658069
C	1.426579	-4.381455	0.63562
C	1.607489	-5.650866	0.082
C	0.766526	-6.067141	-0.947313
C	-0.248447	-5.22503	-1.425525
C	-0.449533	-3.954115	-0.887396
C	0.391394	-3.550821	0.146296
H	-3.153792	2.05157		1.894545
H	-4.970164	3.312821	3.022747
H	-7.346378	2.812227	2.548143
H	-7.963706	1.026216	0.935723
H	-7.96318	-1.030582	-0.93525
H	-7.344942	-2.816233	-2.547718
H	-4.968474	-3.315543	-3.0224
H	-3.152748	-2.05335	-1.89422
H	-1.240745	3.312956	1.264514
H	-0.900847	5.566143	2.226486
H	0.89015		7.053457	1.383918
H	2.395581	6.300251	-0.445598
H	3.706294	4.895394	-2.427695
H	4.499532	3.177504	-4.038736
H	3.348676	0.989714	-4.211693
H	1.402639	0.463924	-2.777886
H	1.331326	-2.093971	-1.862596
H	3.139443	-3.39098	-2.93261
H	5.52001		-2.893174	-2.451114
H	6.131017	-1.059288	-0.888715
H	6.130658	1.059825	0.890544
H	5.519054	2.893637	2.452804
H	3.13829		3.391834	2.932905
H	1.330583	2.095259	1.861721
H	1.402747	-0.462981	2.777994
H	3.350027	-0.986836	4.210855
H	4.503194	-3.173343	4.037055
H	3.711105	-4.891875	2.426129
H	2.401061	-6.297836	0.44438
H	0.895836	-7.052298	-1.384793
H	-0.897046	-5.56675	-2.226459
H	-1.239045	-3.314125	-1.263935

