3b
N	-3.518631	-2.543447	2.34161
C	-2.939841	-1.833509	1.626322
C	-2.229511	-0.952487	0.754029
C	-2.939105	3.8e-05		0.000124
N	-4.337956	1.1e-05		0.000132
C	-5.159705	1.048919	0.449564
C	-4.814435	2.270752	1.019492
C	-5.848896	3.11902		1.398439
C	-7.212041	2.783919	1.235337
C	-7.526006	1.541901	0.680102
C	-6.508293	0.66675		0.287175
C	-6.508247	-0.666803	-0.287101
C	-7.525897	-1.541989	-0.680113
C	-7.211844	-2.783989	-1.235338
C	-5.848675	-3.119036	-1.398343
C	-4.814274	-2.270735	-1.019305
C	-5.159632	-1.048924	-0.449385
C	-2.229529	0.952572	-0.753783
C	-2.939854	1.833608	-1.626063
N	-3.518566	2.543546	-2.341415
C	-0.818157	0.977351	-0.739414
N	-0.156135	1.970861	-1.485008
C	-0.137581	3.336101	-1.091643
C	-0.998434	4.035559	-0.251619
C	-0.663096	5.348008	0.072209
C	0.499245	5.984308	-0.415223
C	1.334539	5.26241		-1.270088
C	1.02749		3.942254	-1.606185
C	1.752665	2.926705	-2.345754
C	2.997026	2.915896	-2.981495
C	3.486486	1.733127	-3.539915
C	2.660694	0.58763		-3.513075
C	1.411842	0.577474	-2.903491
C	0.995641	1.741851	-2.269549
C	-0.106155	4.1e-05		0.000111
N	1.295663	4.4e-05		6.8e-05
C	2.117378	-1.049186	-0.444605
C	1.777096	-2.254095	-1.040261
C	2.805929	-3.146904	-1.338907
C	4.157642	-2.852639	-1.084257
C	4.477058	-1.586298	-0.573436
C	3.469555	-0.677601	-0.260409
C	3.46958		0.677641	0.260468
C	4.477119	1.586294	0.573508
C	4.157757	2.852634	1.084362
C	2.806055	3.146951	1.339012
C	1.777189	2.254175	1.04038
C	2.117419	1.049261	0.444701
C	-0.818135	-0.977275	0.739649
N	-0.156164	-1.970817	1.485265
C	0.995704	-1.741858	2.269709
C	1.411953	-0.577536	2.903722
C	2.660888	-0.587719	3.51314
C	3.486705	-1.7332		3.539771
C	2.997199	-2.915928	2.981301
C	1.752757	-2.926701	2.345727
C	1.027516	-3.942209	1.606168
C	1.334556	-5.262339	1.269969
C	0.499182	-5.984211	0.415158
C	-0.663211	-5.347896	-0.072129
C	-0.998528	-4.035461	0.251795
C	-0.137613	-3.336043	1.091785
H	-3.778407	2.554579	1.173107
H	-5.587537	4.077097	1.836144
H	-8.55805	1.238176	0.550189
H	-8.557962	-1.238303	-0.550276
H	-5.587247	-4.077094	-1.836049
H	-3.778225	-2.554513	-1.172865
H	-1.900842	3.588068	0.148083
H	-1.33157	5.894705	0.729579
H	2.24513		5.702541	-1.659149
H	3.585746	3.825262	-3.00223
H	3.016447	-0.337646	-3.953796
H	0.813986	-0.326127	-2.883016
H	0.747956	-2.522494	-1.242541
H	2.528524	-4.105895	-1.757461
H	5.512949	-1.307927	-0.405631
H	5.512997	1.30789		0.405683
H	2.528686	4.105958	1.757557
H	0.748061	2.522608	1.242674
H	0.814091	0.326064	2.883376
H	3.016684	0.337526	3.95389
H	3.585932	-3.825288	3.001881
H	2.245187	-5.702477	1.658928
H	-1.331741	-5.894562	-0.729467
H	-1.900985	-3.58797	-0.147792
C	-8.286284	-3.788731	-1.674438
C	-8.135386	-4.077378	-3.183881
H	-8.894863	-4.796775	-3.512835
H	-7.152762	-4.497639	-3.420848
H	-8.256483	-3.159062	-3.768862
C	-9.709823	-3.2632		-1.427551
H	-10.440252	-4.011988	-1.752561
H	-9.905476	-2.343041	-1.989175
H	-9.889072	-3.063411	-0.365402
C	-8.113677	-5.10164	-0.879847
H	-8.873555	-5.832812	-1.180891
H	-8.21728	-4.920917	0.195514
H	-7.130452	-5.552129	-1.048808
C	-8.286551	3.788625	1.674345
C	-9.710052	3.263036	1.427363
H	-10.440534	4.011796	1.752317
H	-9.905707	2.342873	1.988981
H	-9.88922	3.063231	0.365203
C	-8.135774	4.077301	3.183795
H	-8.895305	4.796672	3.512682
H	-7.153186	4.497607	3.420827
H	-8.256877	3.15899		3.768781
C	-8.113937	5.101529	0.879746
H	-8.873865	5.832677	1.180725
H	-8.217457	4.920785	-0.195619
H	-7.130742	5.552058	1.04877
C	4.9009		1.620211	-4.122954
C	4.840261	1.099096	-5.574004
H	4.267168	1.783322	-6.209381
H	4.370269	0.112604	-5.634549
H	5.851274	1.011533	-5.989271
C	5.70675		0.631349	-3.250483
H	5.242983	-0.358982	-3.225809
H	5.76211		0.992889	-2.217757
H	6.727795	0.521626	-3.636178
C	5.638592	2.968907	-4.12677
H	5.110362	3.717546	-4.727849
H	6.638042	2.841212	-4.556605
H	5.762383	3.365456	-3.113277
C	0.810907	7.421417	0.024056
C	2.107581	7.954501	-0.607155
H	2.049517	7.969026	-1.70098
H	2.977811	7.354868	-0.317156
H	2.286586	8.980943	-0.269514
C	-0.346913	8.353319	-0.393708
H	-0.480441	8.342496	-1.480837
H	-0.138368	9.384083	-0.083289
H	-1.295491	8.052511	0.06202
C	0.973911	7.458517	1.559527
H	0.06729		7.121344	2.071895
H	1.190291	8.479052	1.897215
H	1.799582	6.812091	1.878304
C	5.27647		-3.876991	-1.31445
C	6.313256	-3.310746	-2.307394
H	5.847478	-3.101935	-3.277013
H	7.126103	-4.029465	-2.466111
H	6.757307	-2.378758	-1.943689
C	4.744771	-5.206363	-1.875053
H	4.257999	-5.071999	-2.847429
H	4.024195	-5.670971	-1.192764
H	5.574204	-5.908406	-2.012632
C	5.962342	-4.169625	0.038958
H	5.235707	-4.561776	0.759583
H	6.403894	-3.265743	0.470825
H	6.76137		-4.910655	-0.083945
C	5.276627	3.876935	1.314573
C	4.744959	5.206355	1.875097
H	4.258143	5.072062	2.847459
H	4.02443		5.670956	1.192755
H	5.574415	5.908372	2.012676
C	6.313325	3.310669	2.307597
H	5.847473	3.101899	3.27719
H	7.12619		4.029358	2.46635
H	6.757363	2.378655	1.943943
C	5.96259		4.16949		-0.038806
H	5.23602		4.561683	-0.759473
H	6.404098	3.265567	-0.470635
H	6.761668	4.910462	0.084124
C	0.810811	-7.4213		-0.02421
C	0.973826	-7.458298	-1.559677
H	0.067219	-7.12107	-2.072036
H	1.190195	-8.478812	-1.897437
H	1.799512	-6.811861	-1.878402
C	-0.347041	-8.353203	0.393487
H	-1.295605	-8.05234	-0.06223
H	-0.48057	-8.342444	1.480616
H	-0.13852	-9.383952	0.083002
C	2.107461	-7.954467	0.606981
H	2.04937		-7.969117	1.700803
H	2.977704	-7.354809	0.317071
H	2.286467	-8.980871	0.269227
C	4.901207	-1.620303	4.1226
C	4.840763	-1.099644	5.573818
H	4.267839	-1.784119	6.20908
H	4.370695	-0.113213	5.63475
H	5.851839	-1.012121	5.98894
C	5.706773	-0.631063	3.250295
H	5.24286		0.359209	3.226002
H	5.762009	-0.992282	2.21745
H	6.727868	-0.521315	3.635853
C	5.639075	-2.968907	4.125864
H	5.111008	-3.717828	4.726735
H	6.638552	-2.841229	4.555637
H	5.762817	-3.365083	3.112218

